age,Medu,Fedu,traveltime,studytime,failures,famrel,freetime,goout,Dalc,Walc,health,absences,sex,address,famsize,Pstatus,Mjob_health,Mjob_other,Mjob_services,Mjob_teacher,Fjob_health,Fjob_other,Fjob_services,Fjob_teacher,reason_home,reason_other,reason_reputation,guardian_mother,guardian_other,schoolsup,famsup,paid,activities,nursery,higher,internet,romantic,y
-1.4329802763043944,-0.45395437895764235,-0.2789830500314615,-0.7600319244561619,2.496575809357237,-0.3743051181921297,0.07260614867809903,-0.17164653548813819,0.6937849605682166,-0.5435553304269218,-0.9976946599159401,0.3209301762731737,-0.35786304611248015,0,0.6601823293337999,1.5427923817978015,0.3749633842697951,-0.2826073044334395,-0.8123093913741105,1.9421788855636883,-0.3532468856456782,5.217028972925858,-1.1407972824811217,-0.6218939915710208,-0.2423377175166058,-0.5458937625582472,-0.3532468856456782,1.8810798862519205,0.6529729139662889,-0.25968097836829673,-0.3421104893438741,0.7941368058034197,-0.25285257805588657,1.0297171749162293,0.49566256864703173,0.34491378233027914,0.5506476653955981,-0.7634964500692145,12
1.0316951635937113,1.310215632680141,-0.2789830500314615,-0.7600319244561619,0.08365294968062233,-0.3743051181921297,1.1197481596133516,0.7804782639289712,1.5449502524562555,-0.5435553304269218,0.5606779857770687,1.0129025496993858,0.0734333641512146,0,0.6601823293337999,-0.6481753551535623,0.3749633842697951,3.5384789575936906,-0.8123093913741105,-0.5148856304808219,-0.3532468856456782,-0.19167997823848998,0.8765799282280009,-0.6218939915710208,-0.2423377175166058,-0.5458937625582472,-0.3532468856456782,1.8810798862519205,-1.531457092034337,-0.25968097836829673,-0.3421104893438741,0.7941368058034197,-0.25285257805588657,1.0297171749162293,0.49566256864703173,0.34491378233027914,0.5506476653955981,1.3097637846375647,14
-0.6114217963383591,-0.45395437895764235,-1.1888322936014033,0.5767179914572501,0.08365294968062233,-0.3743051181921297,0.07260614867809903,-1.1237713349052476,-1.0085456232078611,-0.5435553304269218,1.339864308623573,1.0129025496993858,-0.35786304611248015,0,0.6601823293337999,-0.6481753551535623,0.3749633842697951,3.5384789575936906,-0.8123093913741105,-0.5148856304808219,-0.3532468856456782,-0.19167997823848998,-1.1407972824811217,1.6079910942278326,-0.2423377175166058,-0.5458937625582472,2.8308812919105044,-0.5316095330711949,0.6529729139662889,-0.25968097836829673,-0.3421104893438741,-1.2592288793217572,-0.25285257805588657,-0.9711404493970425,-2.0175015489461217,0.34491378233027914,0.5506476653955981,1.3097637846375647,8
3.4963706034918167,-1.3360393847765342,-1.1888322936014033,0.5767179914572501,0.08365294968062233,2.9996396277341506,1.1197481596133516,-0.17164653548813819,-0.1573803313198222,3.7848791413162957,-0.2185083370694357,0.3209301762731737,3.73945285139262,0,-1.5147330601973477,1.5427923817978015,0.3749633842697951,-0.2826073044334395,-0.8123093913741105,-0.5148856304808219,-0.3532468856456782,-0.19167997823848998,0.8765799282280009,-0.6218939915710208,-0.2423377175166058,-0.5458937625582472,-0.3532468856456782,-0.5316095330711949,-1.531457092034337,3.8508788987298637,-0.3421104893438741,0.7941368058034197,-0.25285257805588657,1.0297171749162293,0.49566256864703173,-2.8992752717617685,0.5506476653955981,1.3097637846375647,10
-0.6114217963383591,0.4281306268612493,0.6308661935384804,1.913467907370662,0.08365294968062233,1.3126672547710103,1.1197481596133516,-0.17164653548813819,-0.1573803313198222,-0.5435553304269218,0.5606779857770687,-1.0630145705792504,0.0734333641512146,0,0.6601823293337999,-0.6481753551535623,0.3749633842697951,-0.2826073044334395,-0.8123093913741105,-0.5148856304808219,-0.3532468856456782,-0.19167997823848998,0.8765799282280009,-0.6218939915710208,-0.2423377175166058,-0.5458937625582472,-0.3532468856456782,1.8810798862519205,-1.531457092034337,3.8508788987298637,2.9230322692469244,0.7941368058034197,-0.25285257805588657,-0.9711404493970425,-2.0175015489461217,0.34491378233027914,0.5506476653955981,-0.7634964500692145,10
0.210136683627676,0.4281306268612493,-1.1888322936014033,-0.7600319244561619,0.08365294968062233,-0.3743051181921297,0.07260614867809903,1.7326030633460807,0.6937849605682166,0.5385532875088825,0.5606779857770687,-1.7549869440054624,1.367322594942299,1,-1.5147330601973477,-0.6481753551535623,0.3749633842697951,-0.2826073044334395,-0.8123093913741105,-0.5148856304808219,-0.3532468856456782,-0.19167997823848998,0.8765799282280009,-0.6218939915710208,-0.2423377175166058,-0.5458937625582472,-0.3532468856456782,1.8810798862519205,0.6529729139662889,-0.25968097836829673,-0.3421104893438741,0.7941368058034197,-0.25285257805588657,1.0297171749162293,-2.0175015489461217,0.34491378233027914,0.5506476653955981,-0.7634964500692145,9
-0.6114217963383591,-0.45395437895764235,-0.2789830500314615,0.5767179914572501,2.496575809357237,-0.3743051181921297,-3.068819884127659,-1.1237713349052476,-1.8597109150959,-0.5435553304269218,-0.9976946599159401,-1.7549869440054624,0.0734333641512146,1,0.6601823293337999,1.5427923817978015,-2.666927070618917,-0.2826073044334395,-0.8123093913741105,-0.5148856304808219,-0.3532468856456782,-0.19167997823848998,0.8765799282280009,-0.6218939915710208,-0.2423377175166058,-0.5458937625582472,-0.3532468856456782,1.8810798862519205,0.6529729139662889,-0.25968097836829673,-0.3421104893438741,-1.2592288793217572,-0.25285257805588657,1.0297171749162293,-2.0175015489461217,-2.8992752717617685,-1.8160432938212439,1.3097637846375647,11
0.210136683627676,-0.45395437895764235,0.6308661935384804,0.5767179914572501,0.08365294968062233,-0.3743051181921297,0.07260614867809903,0.7804782639289712,-0.1573803313198222,-0.5435553304269218,-0.9976946599159401,-0.3710421971530383,0.0734333641512146,0,0.6601823293337999,-0.6481753551535623,0.3749633842697951,-0.2826073044334395,1.2310580311134776,-0.5148856304808219,-0.3532468856456782,-0.19167997823848998,-1.1407972824811217,1.6079910942278326,-0.2423377175166058,1.8318582636182794,-0.3532468856456782,-0.5316095330711949,-1.531457092034337,-0.25968097836829673,-0.3421104893438741,-1.2592288793217572,-0.25285257805588657,1.0297171749162293,0.49566256864703173,0.34491378233027914,0.5506476653955981,-0.7634964500692145,16
-0.6114217963383591,0.4281306268612493,1.5407154371084224,1.913467907370662,0.08365294968062233,-0.3743051181921297,-0.9745358622571536,0.7804782639289712,1.5449502524562555,-0.5435553304269218,-0.2185083370694357,1.0129025496993858,0.0734333641512146,0,-1.5147330601973477,-0.6481753551535623,0.3749633842697951,-0.2826073044334395,1.2310580311134776,-0.5148856304808219,-0.3532468856456782,5.217028972925858,-1.1407972824811217,-0.6218939915710208,-0.2423377175166058,-0.5458937625582472,2.8308812919105044,-0.5316095330711949,0.6529729139662889,-0.25968097836829673,-0.3421104893438741,-1.2592288793217572,-0.25285257805588657,-0.9711404493970425,-2.0175015489461217,0.34491378233027914,-1.8160432938212439,-0.7634964500692145,11
0.210136683627676,1.310215632680141,0.6308661935384804,0.5767179914572501,0.08365294968062233,1.3126672547710103,0.07260614867809903,1.7326030633460807,1.5449502524562555,-0.5435553304269218,0.5606779857770687,-1.0630145705792504,0.0734333641512146,0,-1.5147330601973477,-0.6481753551535623,0.3749633842697951,-0.2826073044334395,-0.8123093913741105,1.9421788855636883,-0.3532468856456782,-0.19167997823848998,0.8765799282280009,-0.6218939915710208,-0.2423377175166058,1.8318582636182794,-0.3532468856456782,-0.5316095330711949,0.6529729139662889,-0.25968097836829673,-0.3421104893438741,0.7941368058034197,3.9548736567715594,1.0297171749162293,-2.0175015489461217,0.34491378233027914,0.5506476653955981,1.3097637846375647,11
0.210136683627676,0.4281306268612493,-1.1888322936014033,0.5767179914572501,-1.122808480157685,-0.3743051181921297,-2.0216778731924063,0.7804782639289712,1.5449502524562555,1.6206619054446871,1.339864308623573,-1.0630145705792504,0.5047297744149093,0,0.6601823293337999,1.5427923817978015,0.3749633842697951,-0.2826073044334395,-0.8123093913741105,1.9421788855636883,-0.3532468856456782,-0.19167997823848998,-1.1407972824811217,1.6079910942278326,-0.2423377175166058,-0.5458937625582472,-0.3532468856456782,-0.5316095330711949,0.6529729139662889,-0.25968097836829673,-0.3421104893438741,-1.2592288793217572,-0.25285257805588657,-0.9711404493970425,-2.0175015489461217,0.34491378233027914,0.5506476653955981,-0.7634964500692145,10
0.210136683627676,0.4281306268612493,0.6308661935384804,-0.7600319244561619,1.2901143795189296,-0.3743051181921297,-0.9745358622571536,-1.1237713349052476,-0.1573803313198222,-0.5435553304269218,-0.9976946599159401,0.3209301762731737,-0.35786304611248015,1,0.6601823293337999,-0.6481753551535623,0.3749633842697951,-0.2826073044334395,1.2310580311134776,-0.5148856304808219,-0.3532468856456782,-0.19167997823848998,0.8765799282280009,-0.6218939915710208,-0.2423377175166058,1.8318582636182794,-0.3532468856456782,-0.5316095330711949,0.6529729139662889,-0.25968097836829673,-0.3421104893438741,-1.2592288793217572,-0.25285257805588657,1.0297171749162293,-2.0175015489461217,0.34491378233027914,-1.8160432938212439,-0.7634964500692145,13
1.0316951635937113,-0.45395437895764235,-0.2789830500314615,-0.7600319244561619,0.08365294968062233,1.3126672547710103,1.1197481596133516,-0.17164653548813819,-1.8597109150959,-0.5435553304269218,-0.9976946599159401,1.0129025496993858,2.661211825733383,1,0.6601823293337999,1.5427923817978015,0.3749633842697951,-0.2826073044334395,-0.8123093913741105,-0.5148856304808219,-0.3532468856456782,-0.19167997823848998,-1.1407972824811217,1.6079910942278326,-0.2423377175166058,-0.5458937625582472,-0.3532468856456782,-0.5316095330711949,0.6529729139662889,-0.25968097836829673,-0.3421104893438741,0.7941368058034197,-0.25285257805588657,-0.9711404493970425,-2.0175015489461217,0.34491378233027914,0.5506476653955981,1.3097637846375647,10
-1.4329802763043944,1.310215632680141,1.5407154371084224,-0.7600319244561619,0.08365294968062233,-0.3743051181921297,-0.9745358622571536,-1.1237713349052476,-1.0085456232078611,-0.5435553304269218,-0.9976946599159401,1.0129025496993858,0.9360261846786041,0,0.6601823293337999,-0.6481753551535623,0.3749633842697951,-0.2826073044334395,-0.8123093913741105,-0.5148856304808219,2.8308812919105044,5.217028972925858,-1.1407972824811217,-0.6218939915710208,-0.2423377175166058,-0.5458937625582472,-0.3532468856456782,1.8810798862519205,0.6529729139662889,-0.25968097836829673,-0.3421104893438741,0.7941368058034197,-0.25285257805588657,1.0297171749162293,0.49566256864703173,0.34491378233027914,-1.8160432938212439,-0.7634964500692145,16
1.8532536435597464,-0.45395437895764235,0.6308661935384804,-0.7600319244561619,1.2901143795189296,1.3126672547710103,1.1197481596133516,0.7804782639289712,-1.0085456232078611,-0.5435553304269218,-0.2185083370694357,1.0129025496993858,0.0734333641512146,1,-1.5147330601973477,-0.6481753551535623,0.3749633842697951,-0.2826073044334395,-0.8123093913741105,1.9421788855636883,-0.3532468856456782,-0.19167997823848998,0.8765799282280009,-0.6218939915710208,-0.2423377175166058,-0.5458937625582472,-0.3532468856456782,-0.5316095330711949,0.6529729139662889,-0.25968097836829673,-0.3421104893438741,-1.2592288793217572,-0.25285257805588657,1.0297171749162293,-2.0175015489461217,0.34491378233027914,0.5506476653955981,-0.7634964500692145,10
1.8532536435597464,-1.3360393847765342,-1.1888322936014033,1.913467907370662,1.2901143795189296,-0.3743051181921297,-3.068819884127659,1.7326030633460807,1.5449502524562555,2.702770523380491,0.5606779857770687,1.0129025496993858,1.7986190052059936,1,0.6601823293337999,-0.6481753551535623,0.3749633842697951,-0.2826073044334395,1.2310580311134776,-0.5148856304808219,-0.3532468856456782,-0.19167997823848998,0.8765799282280009,-0.6218939915710208,-0.2423377175166058,-0.5458937625582472,-0.3532468856456782,-0.5316095330711949,-1.531457092034337,3.8508788987298637,-0.3421104893438741,-1.2592288793217572,-0.25285257805588657,1.0297171749162293,0.49566256864703173,-2.8992752717617685,-1.8160432938212439,1.3097637846375647,11
1.0316951635937113,-0.45395437895764235,-1.1888322936014033,-0.7600319244561619,0.08365294968062233,4.6866120006972904,1.1197481596133516,0.7804782639289712,1.5449502524562555,-0.5435553304269218,0.5606779857770687,1.0129025496993858,1.367322594942299,1,0.6601823293337999,-0.6481753551535623,0.3749633842697951,-0.2826073044334395,-0.8123093913741105,1.9421788855636883,-0.3532468856456782,-0.19167997823848998,0.8765799282280009,-0.6218939915710208,-0.2423377175166058,-0.5458937625582472,-0.3532468856456782,1.8810798862519205,0.6529729139662889,-0.25968097836829673,-0.3421104893438741,0.7941368058034197,-0.25285257805588657,1.0297171749162293,0.49566256864703173,-2.8992752717617685,0.5506476653955981,1.3097637846375647,8
-1.4329802763043944,-0.45395437895764235,-0.2789830500314615,0.5767179914572501,0.08365294968062233,-0.3743051181921297,0.07260614867809903,-2.075896134322357,-0.1573803313198222,-0.5435553304269218,0.5606779857770687,0.3209301762731737,-0.7891594563761749,1,-1.5147330601973477,1.5427923817978015,0.3749633842697951,3.5384789575936906,-0.8123093913741105,-0.5148856304808219,-0.3532468856456782,-0.19167997823848998,-1.1407972824811217,1.6079910942278326,-0.2423377175166058,-0.5458937625582472,-0.3532468856456782,1.8810798862519205,0.6529729139662889,-0.25968097836829673,2.9230322692469244,0.7941368058034197,-0.25285257805588657,-0.9711404493970425,0.49566256864703173,0.34491378233027914,0.5506476653955981,-0.7634964500692145,11
-0.6114217963383591,-0.45395437895764235,-1.1888322936014033,0.5767179914572501,-1.122808480157685,-0.3743051181921297,-0.9745358622571536,-0.17164653548813819,-1.0085456232078611,-0.5435553304269218,0.5606779857770687,-0.3710421971530383,-0.35786304611248015,0,-1.5147330601973477,-0.6481753551535623,0.3749633842697951,-0.2826073044334395,1.2310580311134776,-0.5148856304808219,-0.3532468856456782,-0.19167997823848998,0.8765799282280009,-0.6218939915710208,-0.2423377175166058,-0.5458937625582472,-0.3532468856456782,-0.5316095330711949,0.6529729139662889,-0.25968097836829673,-0.3421104893438741,-1.2592288793217572,-0.25285257805588657,1.0297171749162293,-2.0175015489461217,0.34491378233027914,-1.8160432938212439,-0.7634964500692145,12
1.0316951635937113,-1.3360393847765342,-1.1888322936014033,1.913467907370662,-1.122808480157685,4.6866120006972904,1.1197481596133516,-1.1237713349052476,1.5449502524562555,-0.5435553304269218,2.1190506314700777,0.3209301762731737,0.5047297744149093,1,-1.5147330601973477,-0.6481753551535623,0.3749633842697951,-0.2826073044334395,-0.8123093913741105,-0.5148856304808219,-0.3532468856456782,-0.19167997823848998,0.8765799282280009,-0.6218939915710208,-0.2423377175166058,-0.5458937625582472,-0.3532468856456782,-0.5316095330711949,0.6529729139662889,-0.25968097836829673,-0.3421104893438741,0.7941368058034197,-0.25285257805588657,1.0297171749162293,-2.0175015489461217,0.34491378233027914,-1.8160432938212439,-0.7634964500692145,11
0.210136683627676,1.310215632680141,0.6308661935384804,-0.7600319244561619,1.2901143795189296,-0.3743051181921297,0.07260614867809903,-1.1237713349052476,-1.0085456232078611,-0.5435553304269218,-0.2185083370694357,-0.3710421971530383,-0.7891594563761749,1,0.6601823293337999,-0.6481753551535623,0.3749633842697951,3.5384789575936906,-0.8123093913741105,-0.5148856304808219,-0.3532468856456782,-0.19167997823848998,-1.1407972824811217,1.6079910942278326,-0.2423377175166058,-0.5458937625582472,-0.3532468856456782,1.8810798862519205,0.6529729139662889,-0.25968097836829673,-0.3421104893438741,0.7941368058034197,-0.25285257805588657,-0.9711404493970425,0.49566256864703173,0.34491378233027914,0.5506476653955981,-0.7634964500692145,18
-0.6114217963383591,-0.45395437895764235,-1.1888322936014033,-0.7600319244561619,-1.122808480157685,-0.3743051181921297,0.07260614867809903,1.7326030633460807,-1.0085456232078611,-0.5435553304269218,-0.9976946599159401,1.0129025496993858,0.0734333641512146,1,0.6601823293337999,-0.6481753551535623,0.3749633842697951,-0.2826073044334395,1.2310580311134776,-0.5148856304808219,-0.3532468856456782,-0.19167997823848998,0.8765799282280009,-0.6218939915710208,-0.2423377175166058,1.8318582636182794,-0.3532468856456782,-0.5316095330711949,0.6529729139662889,-0.25968097836829673,-0.3421104893438741,-1.2592288793217572,-0.25285257805588657,-0.9711404493970425,0.49566256864703173,0.34491378233027914,0.5506476653955981,1.3097637846375647,10
1.8532536435597464,0.4281306268612493,-0.2789830500314615,-0.7600319244561619,0.08365294968062233,1.3126672547710103,-0.9745358622571536,-0.17164653548813819,-0.1573803313198222,2.702770523380491,0.5606779857770687,-0.3710421971530383,-0.7891594563761749,1,-1.5147330601973477,-0.6481753551535623,0.3749633842697951,-0.2826073044334395,-0.8123093913741105,1.9421788855636883,-0.3532468856456782,-0.19167997823848998,-1.1407972824811217,1.6079910942278326,-0.2423377175166058,-0.5458937625582472,-0.3532468856456782,1.8810798862519205,-1.531457092034337,-0.25968097836829673,2.9230322692469244,0.7941368058034197,-0.25285257805588657,-0.9711404493970425,0.49566256864703173,-2.8992752717617685,0.5506476653955981,-0.7634964500692145,10
-0.6114217963383591,-2.2181243905954258,-0.2789830500314615,0.5767179914572501,-1.122808480157685,-0.3743051181921297,-0.9745358622571536,-1.1237713349052476,-0.1573803313198222,-0.5435553304269218,-0.2185083370694357,-1.0630145705792504,-0.7891594563761749,1,-1.5147330601973477,-0.6481753551535623,0.3749633842697951,-0.2826073044334395,1.2310580311134776,-0.5148856304808219,-0.3532468856456782,-0.19167997823848998,0.8765799282280009,-0.6218939915710208,-0.2423377175166058,-0.5458937625582472,2.8308812919105044,-0.5316095330711949,0.6529729139662889,-0.25968097836829673,-0.3421104893438741,0.7941368058034197,-0.25285257805588657,1.0297171749162293,0.49566256864703173,0.34491378233027914,-1.8160432938212439,-0.7634964500692145,12
-0.6114217963383591,1.310215632680141,1.5407154371084224,-0.7600319244561619,-1.122808480157685,-0.3743051181921297,1.1197481596133516,-0.17164653548813819,0.6937849605682166,-0.5435553304269218,-0.2185083370694357,-1.7549869440054624,0.0734333641512146,1,0.6601823293337999,-0.6481753551535623,0.3749633842697951,-0.2826073044334395,1.2310580311134776,-0.5148856304808219,-0.3532468856456782,-0.19167997823848998,0.8765799282280009,-0.6218939915710208,-0.2423377175166058,-0.5458937625582472,-0.3532468856456782,1.8810798862519205,0.6529729139662889,-0.25968097836829673,-0.3421104893438741,-1.2592288793217572,-0.25285257805588657,1.0297171749162293,-2.0175015489461217,0.34491378233027914,0.5506476653955981,-0.7634964500692145,13
1.8532536435597464,-0.45395437895764235,-1.1888322936014033,0.5767179914572501,1.2901143795189296,1.3126672547710103,0.07260614867809903,-0.17164653548813819,-1.8597109150959,-0.5435553304269218,-0.9976946599159401,1.0129025496993858,-0.7891594563761749,0,-1.5147330601973477,1.5427923817978015,0.3749633842697951,-0.2826073044334395,-0.8123093913741105,-0.5148856304808219,-0.3532468856456782,-0.19167997823848998,-1.1407972824811217,1.6079910942278326,-0.2423377175166058,-0.5458937625582472,-0.3532468856456782,-0.5316095330711949,0.6529729139662889,-0.25968097836829673,-0.3421104893438741,-1.2592288793217572,-0.25285257805588657,1.0297171749162293,0.49566256864703173,0.34491378233027914,0.5506476653955981,1.3097637846375647,11
-0.6114217963383591,1.310215632680141,0.6308661935384804,-0.7600319244561619,0.08365294968062233,-0.3743051181921297,-3.068819884127659,-0.17164653548813819,-1.0085456232078611,-0.5435553304269218,-0.9976946599159401,-1.7549869440054624,0.0734333641512146,1,0.6601823293337999,-0.6481753551535623,0.3749633842697951,-0.2826073044334395,-0.8123093913741105,-0.5148856304808219,2.8308812919105044,-0.19167997823848998,0.8765799282280009,-0.6218939915710208,-0.2423377175166058,-0.5458937625582472,2.8308812919105044,-0.5316095330711949,0.6529729139662889,-0.25968097836829673,-0.3421104893438741,-1.2592288793217572,-0.25285257805588657,1.0297171749162293,0.49566256864703173,0.34491378233027914,0.5506476653955981,1.3097637846375647,15
1.8532536435597464,-0.45395437895764235,-1.1888322936014033,0.5767179914572501,-1.122808480157685,4.6866120006972904,0.07260614867809903,0.7804782639289712,-0.1573803313198222,-0.5435553304269218,0.5606779857770687,1.0129025496993858,0.0734333641512146,0,0.6601823293337999,-0.6481753551535623,0.3749633842697951,-0.2826073044334395,-0.8123093913741105,-0.5148856304808219,-0.3532468856456782,-0.19167997823848998,0.8765799282280009,-0.6218939915710208,-0.2423377175166058,-0.5458937625582472,-0.3532468856456782,-0.5316095330711949,-1.531457092034337,3.8508788987298637,-0.3421104893438741,-1.2592288793217572,-0.25285257805588657,1.0297171749162293,-2.0175015489461217,-2.8992752717617685,0.5506476653955981,1.3097637846375647,9
-0.6114217963383591,-0.45395437895764235,-0.2789830500314615,-0.7600319244561619,0.08365294968062233,-0.3743051181921297,1.1197481596133516,-2.075896134322357,1.5449502524562555,-0.5435553304269218,-0.9976946599159401,0.3209301762731737,-0.7891594563761749,1,0.6601823293337999,-0.6481753551535623,0.3749633842697951,-0.2826073044334395,1.2310580311134776,-0.5148856304808219,-0.3532468856456782,-0.19167997823848998,0.8765799282280009,-0.6218939915710208,-0.2423377175166058,1.8318582636182794,-0.3532468856456782,-0.5316095330711949,0.6529729139662889,-0.25968097836829673,-0.3421104893438741,0.7941368058034197,-0.25285257805588657,-0.9711404493970425,-2.0175015489461217,0.34491378233027914,0.5506476653955981,-0.7634964500692145,13
0.210136683627676,-0.45395437895764235,-0.2789830500314615,1.913467907370662,-1.122808480157685,1.3126672547710103,0.07260614867809903,0.7804782639289712,1.5449502524562555,-0.5435553304269218,-0.2185083370694357,1.0129025496993858,-0.7891594563761749,0,-1.5147330601973477,-0.6481753551535623,0.3749633842697951,-0.2826073044334395,1.2310580311134776,-0.5148856304808219,-0.3532468856456782,-0.19167997823848998,0.8765799282280009,-0.6218939915710208,-0.2423377175166058,-0.5458937625582472,-0.3532468856456782,-0.5316095330711949,0.6529729139662889,-0.25968097836829673,-0.3421104893438741,0.7941368058034197,-0.25285257805588657,-0.9711404493970425,-2.0175015489461217,0.34491378233027914,0.5506476653955981,-0.7634964500692145,9
-0.6114217963383591,0.4281306268612493,1.5407154371084224,-0.7600319244561619,0.08365294968062233,-0.3743051181921297,-2.0216778731924063,0.7804782639289712,-0.1573803313198222,-0.5435553304269218,-0.2185083370694357,-0.3710421971530383,2.2299154154696885,1,0.6601823293337999,-0.6481753551535623,0.3749633842697951,-0.2826073044334395,-0.8123093913741105,-0.5148856304808219,-0.3532468856456782,-0.19167997823848998,0.8765799282280009,-0.6218939915710208,-0.2423377175166058,-0.5458937625582472,-0.3532468856456782,-0.5316095330711949,0.6529729139662889,-0.25968097836829673,-0.3421104893438741,0.7941368058034197,-0.25285257805588657,-0.9711404493970425,0.49566256864703173,0.34491378233027914,0.5506476653955981,-0.7634964500692145,11
0.210136683627676,-0.45395437895764235,-0.2789830500314615,-0.7600319244561619,-1.122808480157685,1.3126672547710103,-0.9745358622571536,-2.075896134322357,-1.0085456232078611,-0.5435553304269218,-0.9976946599159401,-1.7549869440054624,0.9360261846786041,1,0.6601823293337999,1.5427923817978015,-2.666927070618917,-0.2826073044334395,1.2310580311134776,-0.5148856304808219,-0.3532468856456782,-0.19167997823848998,0.8765799282280009,-0.6218939915710208,-0.2423377175166058,1.8318582636182794,-0.3532468856456782,-0.5316095330711949,0.6529729139662889,-0.25968097836829673,-0.3421104893438741,0.7941368058034197,-0.25285257805588657,-0.9711404493970425,-2.0175015489461217,-2.8992752717617685,0.5506476653955981,-0.7634964500692145,10
1.0316951635937113,1.310215632680141,1.5407154371084224,-0.7600319244561619,0.08365294968062233,-0.3743051181921297,1.1197481596133516,0.7804782639289712,-0.1573803313198222,-0.5435553304269218,-0.9976946599159401,-1.0630145705792504,-0.7891594563761749,0,0.6601823293337999,1.5427923817978015,-2.666927070618917,-0.2826073044334395,-0.8123093913741105,-0.5148856304808219,2.8308812919105044,-0.19167997823848998,-1.1407972824811217,-0.6218939915710208,4.126472801046648,-0.5458937625582472,-0.3532468856456782,1.8810798862519205,0.6529729139662889,-0.25968097836829673,-0.3421104893438741,0.7941368058034197,-0.25285257805588657,1.0297171749162293,0.49566256864703173,0.34491378233027914,0.5506476653955981,-0.7634964500692145,17
-1.4329802763043944,1.310215632680141,1.5407154371084224,-0.7600319244561619,-1.122808480157685,-0.3743051181921297,1.1197481596133516,-0.17164653548813819,-0.1573803313198222,-0.5435553304269218,-0.9976946599159401,1.0129025496993858,-0.35786304611248015,0,0.6601823293337999,-0.6481753551535623,0.3749633842697951,-0.2826073044334395,-0.8123093913741105,1.9421788855636883,-0.3532468856456782,-0.19167997823848998,0.8765799282280009,-0.6218939915710208,-0.2423377175166058,-0.5458937625582472,-0.3532468856456782,-0.5316095330711949,0.6529729139662889,-0.25968097836829673,-0.3421104893438741,0.7941368058034197,3.9548736567715594,1.0297171749162293,-2.0175015489461217,0.34491378233027914,0.5506476653955981,-0.7634964500692145,12
0.210136683627676,0.4281306268612493,-1.1888322936014033,0.5767179914572501,0.08365294968062233,4.6866120006972904,1.1197481596133516,0.7804782639289712,0.6937849605682166,-0.5435553304269218,-0.9976946599159401,1.0129025496993858,-0.35786304611248015,1,-1.5147330601973477,-0.6481753551535623,0.3749633842697951,-0.2826073044334395,1.2310580311134776,-0.5148856304808219,-0.3532468856456782,-0.19167997823848998,0.8765799282280009,-0.6218939915710208,-0.2423377175166058,-0.5458937625582472,-0.3532468856456782,-0.5316095330711949,0.6529729139662889,-0.25968097836829673,-0.3421104893438741,0.7941368058034197,-0.25285257805588657,1.0297171749162293,-2.0175015489461217,0.34491378233027914,0.5506476653955981,1.3097637846375647,10
-0.6114217963383591,-0.45395437895764235,-0.2789830500314615,0.5767179914572501,0.08365294968062233,-0.3743051181921297,-0.9745358622571536,-0.17164653548813819,-0.1573803313198222,-0.5435553304269218,-0.2185083370694357,-0.3710421971530383,2.661211825733383,1,0.6601823293337999,1.5427923817978015,0.3749633842697951,-0.2826073044334395,1.2310580311134776,-0.5148856304808219,-0.3532468856456782,-0.19167997823848998,0.8765799282280009,-0.6218939915710208,-0.2423377175166058,1.8318582636182794,-0.3532468856456782,-0.5316095330711949,0.6529729139662889,-0.25968097836829673,-0.3421104893438741,0.7941368058034197,-0.25285257805588657,1.0297171749162293,-2.0175015489461217,0.34491378233027914,0.5506476653955981,1.3097637846375647,10
-0.6114217963383591,1.310215632680141,0.6308661935384804,1.913467907370662,0.08365294968062233,-0.3743051181921297,1.1197481596133516,0.7804782639289712,-0.1573803313198222,-0.5435553304269218,-0.2185083370694357,-1.7549869440054624,-0.35786304611248015,1,0.6601823293337999,1.5427923817978015,0.3749633842697951,-0.2826073044334395,-0.8123093913741105,-0.5148856304808219,2.8308812919105044,-0.19167997823848998,-1.1407972824811217,1.6079910942278326,-0.2423377175166058,-0.5458937625582472,-0.3532468856456782,-0.5316095330711949,0.6529729139662889,-0.25968097836829673,-0.3421104893438741,0.7941368058034197,-0.25285257805588657,1.0297171749162293,0.49566256864703173,0.34491378233027914,0.5506476653955981,-0.7634964500692145,16
-1.4329802763043944,-1.3360393847765342,-1.1888322936014033,1.913467907370662,-1.122808480157685,-0.3743051181921297,0.07260614867809903,-0.17164653548813819,-0.1573803313198222,-0.5435553304269218,-0.2185083370694357,0.3209301762731737,0.5047297744149093,1,0.6601823293337999,-0.6481753551535623,0.3749633842697951,-0.2826073044334395,-0.8123093913741105,-0.5148856304808219,-0.3532468856456782,-0.19167997823848998,0.8765799282280009,-0.6218939915710208,-0.2423377175166058,-0.5458937625582472,-0.3532468856456782,-0.5316095330711949,0.6529729139662889,-0.25968097836829673,-0.3421104893438741,0.7941368058034197,-0.25285257805588657,1.0297171749162293,-2.0175015489461217,0.34491378233027914,0.5506476653955981,1.3097637846375647,13
1.0316951635937113,1.310215632680141,1.5407154371084224,-0.7600319244561619,-1.122808480157685,-0.3743051181921297,0.07260614867809903,-1.1237713349052476,1.5449502524562555,1.6206619054446871,1.339864308623573,1.0129025496993858,-0.35786304611248015,0,0.6601823293337999,1.5427923817978015,0.3749633842697951,-0.2826073044334395,1.2310580311134776,-0.5148856304808219,-0.3532468856456782,-0.19167997823848998,0.8765799282280009,-0.6218939915710208,-0.2423377175166058,-0.5458937625582472,-0.3532468856456782,1.8810798862519205,-1.531457092034337,-0.25968097836829673,-0.3421104893438741,0.7941368058034197,-0.25285257805588657,-0.9711404493970425,0.49566256864703173,0.34491378233027914,0.5506476653955981,-0.7634964500692145,11
1.0316951635937113,1.310215632680141,0.6308661935384804,-0.7600319244561619,1.2901143795189296,-0.3743051181921297,1.1197481596133516,-0.17164653548813819,-1.0085456232078611,-0.5435553304269218,-0.2185083370694357,0.3209301762731737,0.0734333641512146,0,-1.5147330601973477,-0.6481753551535623,0.3749633842697951,-0.2826073044334395,-0.8123093913741105,-0.5148856304808219,2.8308812919105044,-0.19167997823848998,-1.1407972824811217,1.6079910942278326,-0.2423377175166058,-0.5458937625582472,-0.3532468856456782,-0.5316095330711949,0.6529729139662889,-0.25968097836829673,-0.3421104893438741,-1.2592288793217572,-0.25285257805588657,-0.9711404493970425,0.49566256864703173,0.34491378233027914,0.5506476653955981,1.3097637846375647,17
1.0316951635937113,-0.45395437895764235,-0.2789830500314615,0.5767179914572501,1.2901143795189296,-0.3743051181921297,1.1197481596133516,-0.17164653548813819,-0.1573803313198222,-0.5435553304269218,0.5606779857770687,0.3209301762731737,-0.7891594563761749,1,-1.5147330601973477,-0.6481753551535623,0.3749633842697951,-0.2826073044334395,-0.8123093913741105,-0.5148856304808219,-0.3532468856456782,-0.19167997823848998,0.8765799282280009,-0.6218939915710208,-0.2423377175166058,-0.5458937625582472,2.8308812919105044,-0.5316095330711949,0.6529729139662889,-0.25968097836829673,-0.3421104893438741,-1.2592288793217572,-0.25285257805588657,-0.9711404493970425,0.49566256864703173,0.34491378233027914,-1.8160432938212439,-0.7634964500692145,15
1.0316951635937113,0.4281306268612493,-1.1888322936014033,0.5767179914572501,-1.122808480157685,-0.3743051181921297,-0.9745358622571536,-0.17164653548813819,0.6937849605682166,2.702770523380491,2.1190506314700777,0.3209301762731737,-0.35786304611248015,0,0.6601823293337999,1.5427923817978015,0.3749633842697951,-0.2826073044334395,-0.8123093913741105,1.9421788855636883,-0.3532468856456782,-0.19167997823848998,-1.1407972824811217,1.6079910942278326,-0.2423377175166058,-0.5458937625582472,-0.3532468856456782,-0.5316095330711949,0.6529729139662889,-0.25968097836829673,-0.3421104893438741,-1.2592288793217572,-0.25285257805588657,1.0297171749162293,0.49566256864703173,0.34491378233027914,0.5506476653955981,1.3097637846375647,12
0.210136683627676,-0.45395437895764235,-0.2789830500314615,1.913467907370662,2.496575809357237,1.3126672547710103,-3.068819884127659,-0.17164653548813819,1.5449502524562555,1.6206619054446871,2.1190506314700777,-0.3710421971530383,-0.35786304611248015,0,-1.5147330601973477,1.5427923817978015,0.3749633842697951,-0.2826073044334395,-0.8123093913741105,1.9421788855636883,-0.3532468856456782,-0.19167997823848998,-1.1407972824811217,1.6079910942278326,-0.2423377175166058,-0.5458937625582472,2.8308812919105044,-0.5316095330711949,0.6529729139662889,-0.25968097836829673,-0.3421104893438741,0.7941368058034197,-0.25285257805588657,-0.9711404493970425,0.49566256864703173,0.34491378233027914,-1.8160432938212439,-0.7634964500692145,9
1.0316951635937113,-0.45395437895764235,-0.2789830500314615,-0.7600319244561619,0.08365294968062233,-0.3743051181921297,0.07260614867809903,-0.17164653548813819,-0.1573803313198222,-0.5435553304269218,-0.9976946599159401,-1.0630145705792504,-0.7891594563761749,1,0.6601823293337999,1.5427923817978015,0.3749633842697951,-0.2826073044334395,1.2310580311134776,-0.5148856304808219,-0.3532468856456782,-0.19167997823848998,0.8765799282280009,-0.6218939915710208,-0.2423377175166058,1.8318582636182794,-0.3532468856456782,-0.5316095330711949,-1.531457092034337,3.8508788987298637,-0.3421104893438741,-1.2592288793217572,-0.25285257805588657,1.0297171749162293,-2.0175015489461217,0.34491378233027914,0.5506476653955981,1.3097637846375647,12
0.210136683627676,-1.3360393847765342,-0.2789830500314615,-0.7600319244561619,-1.122808480157685,-0.3743051181921297,1.1197481596133516,1.7326030633460807,1.5449502524562555,3.7848791413162957,2.1190506314700777,-0.3710421971530383,0.0734333641512146,0,-1.5147330601973477,1.5427923817978015,0.3749633842697951,-0.2826073044334395,-0.8123093913741105,-0.5148856304808219,-0.3532468856456782,-0.19167997823848998,-1.1407972824811217,1.6079910942278326,-0.2423377175166058,-0.5458937625582472,-0.3532468856456782,1.8810798862519205,0.6529729139662889,-0.25968097836829673,-0.3421104893438741,0.7941368058034197,-0.25285257805588657,1.0297171749162293,0.49566256864703173,0.34491378233027914,0.5506476653955981,-0.7634964500692145,11
0.210136683627676,1.310215632680141,-0.2789830500314615,0.5767179914572501,0.08365294968062233,-0.3743051181921297,0.07260614867809903,-0.17164653548813819,-0.1573803313198222,-0.5435553304269218,-0.2185083370694357,0.3209301762731737,-0.7891594563761749,1,0.6601823293337999,-0.6481753551535623,0.3749633842697951,-0.2826073044334395,1.2310580311134776,-0.5148856304808219,-0.3532468856456782,-0.19167997823848998,0.8765799282280009,-0.6218939915710208,-0.2423377175166058,-0.5458937625582472,-0.3532468856456782,-0.5316095330711949,0.6529729139662889,-0.25968097836829673,-0.3421104893438741,0.7941368058034197,-0.25285257805588657,-0.9711404493970425,0.49566256864703173,0.34491378233027914,0.5506476653955981,-0.7634964500692145,18
1.0316951635937113,0.4281306268612493,-0.2789830500314615,-0.7600319244561619,1.2901143795189296,-0.3743051181921297,1.1197481596133516,0.7804782639289712,-0.1573803313198222,0.5385532875088825,0.5606779857770687,-1.7549869440054624,0.0734333641512146,1,0.6601823293337999,-0.6481753551535623,0.3749633842697951,-0.2826073044334395,1.2310580311134776,-0.5148856304808219,-0.3532468856456782,-0.19167997823848998,-1.1407972824811217,1.6079910942278326,-0.2423377175166058,-0.5458937625582472,2.8308812919105044,-0.5316095330711949,0.6529729139662889,-0.25968097836829673,-0.3421104893438741,-1.2592288793217572,-0.25285257805588657,-0.9711404493970425,0.49566256864703173,0.34491378233027914,0.5506476653955981,1.3097637846375647,17
-0.6114217963383591,-0.45395437895764235,-0.2789830500314615,1.913467907370662,0.08365294968062233,-0.3743051181921297,0.07260614867809903,0.7804782639289712,1.5449502524562555,-0.5435553304269218,-0.9976946599159401,0.3209301762731737,0.0734333641512146,1,-1.5147330601973477,-0.6481753551535623,0.3749633842697951,-0.2826073044334395,1.2310580311134776,-0.5148856304808219,-0.3532468856456782,-0.19167997823848998,0.8765799282280009,-0.6218939915710208,-0.2423377175166058,-0.5458937625582472,-0.3532468856456782,-0.5316095330711949,0.6529729139662889,-0.25968097836829673,-0.3421104893438741,0.7941368058034197,-0.25285257805588657,-0.9711404493970425,0.49566256864703173,0.34491378233027914,0.5506476653955981,-0.7634964500692145,11
-1.4329802763043944,0.4281306268612493,0.6308661935384804,0.5767179914572501,-1.122808480157685,-0.3743051181921297,1.1197481596133516,0.7804782639289712,0.6937849605682166,0.5385532875088825,0.5606779857770687,1.0129025496993858,0.0734333641512146,1,-1.5147330601973477,-0.6481753551535623,0.3749633842697951,-0.2826073044334395,-0.8123093913741105,-0.5148856304808219,-0.3532468856456782,-0.19167997823848998,0.8765799282280009,-0.6218939915710208,-0.2423377175166058,-0.5458937625582472,-0.3532468856456782,-0.5316095330711949,0.6529729139662889,-0.25968097836829673,-0.3421104893438741,0.7941368058034197,-0.25285257805588657,-0.9711404493970425,0.49566256864703173,0.34491378233027914,0.5506476653955981,-0.7634964500692145,11
1.0316951635937113,-0.45395437895764235,-0.2789830500314615,-0.7600319244561619,2.496575809357237,-0.3743051181921297,0.07260614867809903,1.7326030633460807,1.5449502524562555,0.5385532875088825,1.339864308623573,1.0129025496993858,-0.7891594563761749,0,0.6601823293337999,1.5427923817978015,0.3749633842697951,-0.2826073044334395,1.2310580311134776,-0.5148856304808219,-0.3532468856456782,-0.19167997823848998,0.8765799282280009,-0.6218939915710208,-0.2423377175166058,-0.5458937625582472,-0.3532468856456782,-0.5316095330711949,0.6529729139662889,-0.25968097836829673,-0.3421104893438741,0.7941368058034197,3.9548736567715594,1.0297171749162293,0.49566256864703173,0.34491378233027914,0.5506476653955981,-0.7634964500692145,12
-0.6114217963383591,-0.45395437895764235,0.6308661935384804,-0.7600319244561619,0.08365294968062233,-0.3743051181921297,-2.0216778731924063,-0.17164653548813819,-1.8597109150959,-0.5435553304269218,-0.9976946599159401,-0.3710421971530383,-0.7891594563761749,1,0.6601823293337999,-0.6481753551535623,0.3749633842697951,-0.2826073044334395,-0.8123093913741105,1.9421788855636883,-0.3532468856456782,-0.19167997823848998,-1.1407972824811217,-0.6218939915710208,4.126472801046648,-0.5458937625582472,2.8308812919105044,-0.5316095330711949,0.6529729139662889,-0.25968097836829673,2.9230322692469244,-1.2592288793217572,-0.25285257805588657,-0.9711404493970425,0.49566256864703173,0.34491378233027914,0.5506476653955981,-0.7634964500692145,14
-0.6114217963383591,-0.45395437895764235,-0.2789830500314615,-0.7600319244561619,0.08365294968062233,-0.3743051181921297,-0.9745358622571536,-0.17164653548813819,-1.0085456232078611,-0.5435553304269218,-0.9976946599159401,-0.3710421971530383,-0.35786304611248015,1,-1.5147330601973477,-0.6481753551535623,-2.666927070618917,3.5384789575936906,-0.8123093913741105,-0.5148856304808219,-0.3532468856456782,-0.19167997823848998,0.8765799282280009,-0.6218939915710208,-0.2423377175166058,-0.5458937625582472,-0.3532468856456782,-0.5316095330711949,0.6529729139662889,-0.25968097836829673,-0.3421104893438741,-1.2592288793217572,-0.25285257805588657,-0.9711404493970425,-2.0175015489461217,0.34491378233027914,-1.8160432938212439,1.3097637846375647,10
0.210136683627676,-0.45395437895764235,-0.2789830500314615,0.5767179914572501,0.08365294968062233,-0.3743051181921297,1.1197481596133516,-0.17164653548813819,-1.0085456232078611,-0.5435553304269218,-0.9976946599159401,-1.7549869440054624,-0.7891594563761749,1,-1.5147330601973477,-0.6481753551535623,0.3749633842697951,-0.2826073044334395,1.2310580311134776,-0.5148856304808219,-0.3532468856456782,-0.19167997823848998,0.8765799282280009,-0.6218939915710208,-0.2423377175166058,-0.5458937625582472,-0.3532468856456782,1.8810798862519205,0.6529729139662889,-0.25968097836829673,-0.3421104893438741,0.7941368058034197,-0.25285257805588657,1.0297171749162293,0.49566256864703173,0.34491378233027914,-1.8160432938212439,-0.7634964500692145,17
1.8532536435597464,-1.3360393847765342,-1.1888322936014033,-0.7600319244561619,1.2901143795189296,1.3126672547710103,1.1197481596133516,-0.17164653548813819,-1.8597109150959,-0.5435553304269218,-0.9976946599159401,-0.3710421971530383,0.5047297744149093,1,0.6601823293337999,-0.6481753551535623,0.3749633842697951,-0.2826073044334395,-0.8123093913741105,-0.5148856304808219,-0.3532468856456782,-0.19167997823848998,-1.1407972824811217,1.6079910942278326,-0.2423377175166058,-0.5458937625582472,-0.3532468856456782,-0.5316095330711949,0.6529729139662889,-0.25968097836829673,-0.3421104893438741,-1.2592288793217572,-0.25285257805588657,1.0297171749162293,0.49566256864703173,-2.8992752717617685,-1.8160432938212439,1.3097637846375647,9
1.0316951635937113,-0.45395437895764235,-0.2789830500314615,0.5767179914572501,0.08365294968062233,-0.3743051181921297,-3.068819884127659,-0.17164653548813819,-1.8597109150959,-0.5435553304269218,-0.9976946599159401,-1.0630145705792504,0.0734333641512146,1,0.6601823293337999,-0.6481753551535623,0.3749633842697951,-0.2826073044334395,1.2310580311134776,-0.5148856304808219,-0.3532468856456782,-0.19167997823848998,0.8765799282280009,-0.6218939915710208,-0.2423377175166058,-0.5458937625582472,-0.3532468856456782,-0.5316095330711949,0.6529729139662889,-0.25968097836829673,-0.3421104893438741,0.7941368058034197,-0.25285257805588657,-0.9711404493970425,-2.0175015489461217,0.34491378233027914,0.5506476653955981,1.3097637846375647,10
0.210136683627676,-1.3360393847765342,-0.2789830500314615,0.5767179914572501,0.08365294968062233,-0.3743051181921297,-0.9745358622571536,-1.1237713349052476,-1.0085456232078611,-0.5435553304269218,-0.2185083370694357,-0.3710421971530383,-0.7891594563761749,1,-1.5147330601973477,-0.6481753551535623,0.3749633842697951,-0.2826073044334395,1.2310580311134776,-0.5148856304808219,-0.3532468856456782,-0.19167997823848998,-1.1407972824811217,1.6079910942278326,-0.2423377175166058,-0.5458937625582472,-0.3532468856456782,-0.5316095330711949,-1.531457092034337,-0.25968097836829673,-0.3421104893438741,-1.2592288793217572,-0.25285257805588657,-0.9711404493970425,-2.0175015489461217,0.34491378233027914,-1.8160432938212439,-0.7634964500692145,13
-0.6114217963383591,0.4281306268612493,0.6308661935384804,-0.7600319244561619,0.08365294968062233,-0.3743051181921297,0.07260614867809903,-0.17164653548813819,-0.1573803313198222,0.5385532875088825,1.339864308623573,1.0129025496993858,0.0734333641512146,1,0.6601823293337999,-0.6481753551535623,0.3749633842697951,-0.2826073044334395,1.2310580311134776,-0.5148856304808219,-0.3532468856456782,-0.19167997823848998,-1.1407972824811217,1.6079910942278326,-0.2423377175166058,1.8318582636182794,-0.3532468856456782,-0.5316095330711949,0.6529729139662889,-0.25968097836829673,2.9230322692469244,0.7941368058034197,-0.25285257805588657,1.0297171749162293,0.49566256864703173,0.34491378233027914,0.5506476653955981,-0.7634964500692145,11
-1.4329802763043944,1.310215632680141,1.5407154371084224,-0.7600319244561619,-1.122808480157685,-0.3743051181921297,1.1197481596133516,0.7804782639289712,-1.0085456232078611,-0.5435553304269218,-0.9976946599159401,1.0129025496993858,-0.7891594563761749,0,0.6601823293337999,-0.6481753551535623,0.3749633842697951,3.5384789575936906,-0.8123093913741105,-0.5148856304808219,-0.3532468856456782,5.217028972925858,-1.1407972824811217,-0.6218939915710208,-0.2423377175166058,-0.5458937625582472,2.8308812919105044,-0.5316095330711949,-1.531457092034337,-0.25968097836829673,-0.3421104893438741,0.7941368058034197,3.9548736567715594,-0.9711404493970425,0.49566256864703173,0.34491378233027914,0.5506476653955981,-0.7634964500692145,12
0.210136683627676,-1.3360393847765342,-1.1888322936014033,-0.7600319244561619,0.08365294968062233,-0.3743051181921297,0.07260614867809903,0.7804782639289712,0.6937849605682166,-0.5435553304269218,0.5606779857770687,-1.7549869440054624,-0.7891594563761749,1,0.6601823293337999,-0.6481753551535623,0.3749633842697951,-0.2826073044334395,1.2310580311134776,-0.5148856304808219,-0.3532468856456782,-0.19167997823848998,0.8765799282280009,-0.6218939915710208,-0.2423377175166058,-0.5458937625582472,-0.3532468856456782,-0.5316095330711949,0.6529729139662889,-0.25968097836829673,-0.3421104893438741,0.7941368058034197,-0.25285257805588657,-0.9711404493970425,-2.0175015489461217,0.34491378233027914,-1.8160432938212439,-0.7634964500692145,15
-1.4329802763043944,0.4281306268612493,0.6308661935384804,-0.7600319244561619,0.08365294968062233,-0.3743051181921297,1.1197481596133516,-0.17164653548813819,-0.1573803313198222,-0.5435553304269218,-0.9976946599159401,1.0129025496993858,-0.7891594563761749,0,0.6601823293337999,1.5427923817978015,0.3749633842697951,-0.2826073044334395,-0.8123093913741105,-0.5148856304808219,-0.3532468856456782,-0.19167997823848998,-1.1407972824811217,-0.6218939915710208,-0.2423377175166058,-0.5458937625582472,-0.3532468856456782,1.8810798862519205,-1.531457092034337,-0.25968097836829673,-0.3421104893438741,0.7941368058034197,-0.25285257805588657,1.0297171749162293,0.49566256864703173,0.34491378233027914,0.5506476653955981,-0.7634964500692145,11
1.0316951635937113,-1.3360393847765342,-1.1888322936014033,0.5767179914572501,0.08365294968062233,-0.3743051181921297,-3.068819884127659,-2.075896134322357,-1.8597109150959,-0.5435553304269218,-0.9976946599159401,1.0129025496993858,0.5047297744149093,1,0.6601823293337999,-0.6481753551535623,0.3749633842697951,-0.2826073044334395,1.2310580311134776,-0.5148856304808219,-0.3532468856456782,-0.19167997823848998,0.8765799282280009,-0.6218939915710208,-0.2423377175166058,-0.5458937625582472,-0.3532468856456782,-0.5316095330711949,0.6529729139662889,-0.25968097836829673,-0.3421104893438741,-1.2592288793217572,-0.25285257805588657,1.0297171749162293,0.49566256864703173,0.34491378233027914,-1.8160432938212439,-0.7634964500692145,9
0.210136683627676,-1.3360393847765342,-1.1888322936014033,0.5767179914572501,-1.122808480157685,1.3126672547710103,0.07260614867809903,0.7804782639289712,0.6937849605682166,-0.5435553304269218,-0.2185083370694357,1.0129025496993858,-0.7891594563761749,0,0.6601823293337999,1.5427923817978015,0.3749633842697951,3.5384789575936906,-0.8123093913741105,-0.5148856304808219,-0.3532468856456782,-0.19167997823848998,0.8765799282280009,-0.6218939915710208,-0.2423377175166058,-0.5458937625582472,-0.3532468856456782,-0.5316095330711949,0.6529729139662889,-0.25968097836829673,-0.3421104893438741,0.7941368058034197,-0.25285257805588657,1.0297171749162293,0.49566256864703173,0.34491378233027914,0.5506476653955981,-0.7634964500692145,10
1.8532536435597464,-1.3360393847765342,-1.1888322936014033,0.5767179914572501,-1.122808480157685,1.3126672547710103,0.07260614867809903,-0.17164653548813819,-1.0085456232078611,-0.5435553304269218,0.5606779857770687,1.0129025496993858,-0.7891594563761749,0,-1.5147330601973477,-0.6481753551535623,0.3749633842697951,-0.2826073044334395,1.2310580311134776,-0.5148856304808219,-0.3532468856456782,-0.19167997823848998,-1.1407972824811217,1.6079910942278326,-0.2423377175166058,-0.5458937625582472,2.8308812919105044,-0.5316095330711949,0.6529729139662889,-0.25968097836829673,-0.3421104893438741,-1.2592288793217572,-0.25285257805588657,-0.9711404493970425,0.49566256864703173,0.34491378233027914,-1.8160432938212439,-0.7634964500692145,0
0.210136683627676,1.310215632680141,1.5407154371084224,-0.7600319244561619,0.08365294968062233,-0.3743051181921297,1.1197481596133516,-0.17164653548813819,1.5449502524562555,2.702770523380491,2.1190506314700777,-0.3710421971530383,2.445563620601536,0,0.6601823293337999,1.5427923817978015,0.3749633842697951,-0.2826073044334395,-0.8123093913741105,1.9421788855636883,-0.3532468856456782,-0.19167997823848998,0.8765799282280009,-0.6218939915710208,-0.2423377175166058,1.8318582636182794,-0.3532468856456782,-0.5316095330711949,0.6529729139662889,-0.25968097836829673,-0.3421104893438741,0.7941368058034197,-0.25285257805588657,-0.9711404493970425,0.49566256864703173,0.34491378233027914,0.5506476653955981,1.3097637846375647,12
1.0316951635937113,-0.45395437895764235,-1.1888322936014033,0.5767179914572501,0.08365294968062233,-0.3743051181921297,0.07260614867809903,-0.17164653548813819,1.5449502524562555,-0.5435553304269218,-0.2185083370694357,-0.3710421971530383,1.7986190052059936,1,-1.5147330601973477,-0.6481753551535623,0.3749633842697951,-0.2826073044334395,1.2310580311134776,-0.5148856304808219,-0.3532468856456782,-0.19167997823848998,0.8765799282280009,-0.6218939915710208,-0.2423377175166058,-0.5458937625582472,-0.3532468856456782,1.8810798862519205,0.6529729139662889,-0.25968097836829673,-0.3421104893438741,0.7941368058034197,-0.25285257805588657,-0.9711404493970425,0.49566256864703173,-2.8992752717617685,0.5506476653955981,1.3097637846375647,10
-0.6114217963383591,-1.3360393847765342,-1.1888322936014033,3.250217823284074,0.08365294968062233,-0.3743051181921297,1.1197481596133516,-2.075896134322357,-0.1573803313198222,-0.5435553304269218,-0.9976946599159401,-0.3710421971530383,-0.7891594563761749,1,-1.5147330601973477,-0.6481753551535623,0.3749633842697951,-0.2826073044334395,-0.8123093913741105,-0.5148856304808219,-0.3532468856456782,-0.19167997823848998,0.8765799282280009,-0.6218939915710208,-0.2423377175166058,-0.5458937625582472,-0.3532468856456782,-0.5316095330711949,0.6529729139662889,-0.25968097836829673,-0.3421104893438741,0.7941368058034197,-0.25285257805588657,-0.9711404493970425,0.49566256864703173,0.34491378233027914,-1.8160432938212439,-0.7634964500692145,13
0.210136683627676,-0.45395437895764235,1.5407154371084224,-0.7600319244561619,1.2901143795189296,-0.3743051181921297,0.07260614867809903,0.7804782639289712,-0.1573803313198222,-0.5435553304269218,-0.9976946599159401,1.0129025496993858,-0.7891594563761749,1,-1.5147330601973477,-0.6481753551535623,0.3749633842697951,-0.2826073044334395,-0.8123093913741105,-0.5148856304808219,-0.3532468856456782,-0.19167997823848998,0.8765799282280009,-0.6218939915710208,-0.2423377175166058,-0.5458937625582472,-0.3532468856456782,-0.5316095330711949,-1.531457092034337,-0.25968097836829673,-0.3421104893438741,0.7941368058034197,-0.25285257805588657,-0.9711404493970425,0.49566256864703173,0.34491378233027914,0.5506476653955981,1.3097637846375647,15
-0.6114217963383591,-0.45395437895764235,-0.2789830500314615,-0.7600319244561619,0.08365294968062233,-0.3743051181921297,1.1197481596133516,0.7804782639289712,-0.1573803313198222,-0.5435553304269218,-0.9976946599159401,-1.7549869440054624,-0.7891594563761749,1,-1.5147330601973477,1.5427923817978015,0.3749633842697951,-0.2826073044334395,1.2310580311134776,-0.5148856304808219,-0.3532468856456782,-0.19167997823848998,-1.1407972824811217,1.6079910942278326,-0.2423377175166058,-0.5458937625582472,-0.3532468856456782,-0.5316095330711949,-1.531457092034337,-0.25968097836829673,-0.3421104893438741,-1.2592288793217572,-0.25285257805588657,1.0297171749162293,0.49566256864703173,0.34491378233027914,-1.8160432938212439,1.3097637846375647,12
-1.4329802763043944,0.4281306268612493,-1.1888322936014033,0.5767179914572501,-1.122808480157685,-0.3743051181921297,-0.9745358622571536,-1.1237713349052476,-0.1573803313198222,-0.5435553304269218,0.5606779857770687,0.3209301762731737,-0.7891594563761749,0,0.6601823293337999,-0.6481753551535623,0.3749633842697951,-0.2826073044334395,1.2310580311134776,-0.5148856304808219,-0.3532468856456782,-0.19167997823848998,-1.1407972824811217,1.6079910942278326,-0.2423377175166058,1.8318582636182794,-0.3532468856456782,-0.5316095330711949,0.6529729139662889,-0.25968097836829673,-0.3421104893438741,0.7941368058034197,-0.25285257805588657,-0.9711404493970425,0.49566256864703173,0.34491378233027914,-1.8160432938212439,-0.7634964500692145,11
-0.6114217963383591,-1.3360393847765342,-1.1888322936014033,0.5767179914572501,-1.122808480157685,-0.3743051181921297,-0.9745358622571536,-0.17164653548813819,-0.1573803313198222,-0.5435553304269218,-0.2185083370694357,-1.7549869440054624,0.9360261846786041,1,-1.5147330601973477,-0.6481753551535623,0.3749633842697951,-0.2826073044334395,1.2310580311134776,-0.5148856304808219,-0.3532468856456782,-0.19167997823848998,-1.1407972824811217,1.6079910942278326,-0.2423377175166058,-0.5458937625582472,-0.3532468856456782,1.8810798862519205,0.6529729139662889,-0.25968097836829673,-0.3421104893438741,0.7941368058034197,-0.25285257805588657,1.0297171749162293,0.49566256864703173,0.34491378233027914,-1.8160432938212439,1.3097637846375647,11
1.0316951635937113,-1.3360393847765342,-1.1888322936014033,0.5767179914572501,0.08365294968062233,-0.3743051181921297,0.07260614867809903,0.7804782639289712,-0.1573803313198222,-0.5435553304269218,-0.9976946599159401,-0.3710421971530383,-0.35786304611248015,1,0.6601823293337999,1.5427923817978015,0.3749633842697951,-0.2826073044334395,1.2310580311134776,-0.5148856304808219,-0.3532468856456782,-0.19167997823848998,0.8765799282280009,-0.6218939915710208,-0.2423377175166058,1.8318582636182794,-0.3532468856456782,-0.5316095330711949,0.6529729139662889,-0.25968097836829673,-0.3421104893438741,0.7941368058034197,-0.25285257805588657,-0.9711404493970425,-2.0175015489461217,0.34491378233027914,-1.8160432938212439,-0.7634964500692145,13
-0.6114217963383591,-1.3360393847765342,-1.1888322936014033,3.250217823284074,2.496575809357237,-0.3743051181921297,0.07260614867809903,-0.17164653548813819,-1.0085456232078611,-0.5435553304269218,-0.9976946599159401,-1.7549869440054624,-0.7891594563761749,1,-1.5147330601973477,-0.6481753551535623,0.3749633842697951,-0.2826073044334395,1.2310580311134776,-0.5148856304808219,-0.3532468856456782,-0.19167997823848998,0.8765799282280009,-0.6218939915710208,-0.2423377175166058,1.8318582636182794,-0.3532468856456782,-0.5316095330711949,-1.531457092034337,-0.25968097836829673,-0.3421104893438741,0.7941368058034197,-0.25285257805588657,-0.9711404493970425,-2.0175015489461217,0.34491378233027914,0.5506476653955981,-0.7634964500692145,13
1.8532536435597464,1.310215632680141,-0.2789830500314615,0.5767179914572501,0.08365294968062233,-0.3743051181921297,1.1197481596133516,0.7804782639289712,0.6937849605682166,-0.5435553304269218,-0.9976946599159401,-1.7549869440054624,1.1516743898104516,0,0.6601823293337999,-0.6481753551535623,0.3749633842697951,3.5384789575936906,-0.8123093913741105,-0.5148856304808219,-0.3532468856456782,-0.19167997823848998,0.8765799282280009,-0.6218939915710208,-0.2423377175166058,-0.5458937625582472,-0.3532468856456782,-0.5316095330711949,0.6529729139662889,-0.25968097836829673,-0.3421104893438741,0.7941368058034197,-0.25285257805588657,1.0297171749162293,0.49566256864703173,0.34491378233027914,0.5506476653955981,1.3097637846375647,10
0.210136683627676,0.4281306268612493,-0.2789830500314615,-0.7600319244561619,-1.122808480157685,4.6866120006972904,1.1197481596133516,1.7326030633460807,1.5449502524562555,0.5385532875088825,1.339864308623573,1.0129025496993858,-0.35786304611248015,0,0.6601823293337999,-0.6481753551535623,0.3749633842697951,-0.2826073044334395,-0.8123093913741105,1.9421788855636883,-0.3532468856456782,-0.19167997823848998,-1.1407972824811217,1.6079910942278326,-0.2423377175166058,-0.5458937625582472,-0.3532468856456782,-0.5316095330711949,0.6529729139662889,-0.25968097836829673,-0.3421104893438741,0.7941368058034197,3.9548736567715594,1.0297171749162293,0.49566256864703173,0.34491378233027914,0.5506476653955981,-0.7634964500692145,7
0.210136683627676,1.310215632680141,1.5407154371084224,-0.7600319244561619,-1.122808480157685,-0.3743051181921297,1.1197481596133516,-1.1237713349052476,-0.1573803313198222,-0.5435553304269218,-0.2185083370694357,1.0129025496993858,0.0734333641512146,0,0.6601823293337999,-0.6481753551535623,0.3749633842697951,-0.2826073044334395,-0.8123093913741105,1.9421788855636883,-0.3532468856456782,-0.19167997823848998,-1.1407972824811217,-0.6218939915710208,4.126472801046648,1.8318582636182794,-0.3532468856456782,-0.5316095330711949,0.6529729139662889,-0.25968097836829673,-0.3421104893438741,-1.2592288793217572,-0.25285257805588657,-0.9711404493970425,0.49566256864703173,0.34491378233027914,0.5506476653955981,-0.7634964500692145,14
0.210136683627676,-0.45395437895764235,-0.2789830500314615,-0.7600319244561619,-1.122808480157685,-0.3743051181921297,1.1197481596133516,-0.17164653548813819,-1.0085456232078611,-0.5435553304269218,-0.2185083370694357,-0.3710421971530383,3.73945285139262,1,-1.5147330601973477,-0.6481753551535623,0.3749633842697951,-0.2826073044334395,1.2310580311134776,-0.5148856304808219,-0.3532468856456782,-0.19167997823848998,0.8765799282280009,-0.6218939915710208,-0.2423377175166058,-0.5458937625582472,-0.3532468856456782,1.8810798862519205,0.6529729139662889,-0.25968097836829673,-0.3421104893438741,0.7941368058034197,-0.25285257805588657,-0.9711404493970425,0.49566256864703173,0.34491378233027914,0.5506476653955981,-0.7634964500692145,13
-1.4329802763043944,0.4281306268612493,0.6308661935384804,0.5767179914572501,-1.122808480157685,-0.3743051181921297,0.07260614867809903,-0.17164653548813819,-0.1573803313198222,0.5385532875088825,1.339864308623573,-0.3710421971530383,1.5829708000741463,0,0.6601823293337999,-0.6481753551535623,0.3749633842697951,-0.2826073044334395,-0.8123093913741105,1.9421788855636883,-0.3532468856456782,-0.19167997823848998,-1.1407972824811217,1.6079910942278326,-0.2423377175166058,-0.5458937625582472,-0.3532468856456782,-0.5316095330711949,-1.531457092034337,-0.25968097836829673,-0.3421104893438741,0.7941368058034197,-0.25285257805588657,1.0297171749162293,-2.0175015489461217,0.34491378233027914,0.5506476653955981,-0.7634964500692145,11
0.210136683627676,-0.45395437895764235,-0.2789830500314615,-0.7600319244561619,1.2901143795189296,-0.3743051181921297,-0.9745358622571536,0.7804782639289712,-0.1573803313198222,-0.5435553304269218,-0.9976946599159401,-0.3710421971530383,0.9360261846786041,1,0.6601823293337999,-0.6481753551535623,0.3749633842697951,-0.2826073044334395,1.2310580311134776,-0.5148856304808219,-0.3532468856456782,-0.19167997823848998,-1.1407972824811217,-0.6218939915710208,-0.2423377175166058,1.8318582636182794,-0.3532468856456782,-0.5316095330711949,0.6529729139662889,-0.25968097836829673,-0.3421104893438741,-1.2592288793217572,-0.25285257805588657,1.0297171749162293,0.49566256864703173,0.34491378233027914,-1.8160432938212439,1.3097637846375647,12
0.210136683627676,0.4281306268612493,1.5407154371084224,-0.7600319244561619,1.2901143795189296,-0.3743051181921297,0.07260614867809903,-0.17164653548813819,0.6937849605682166,0.5385532875088825,2.1190506314700777,1.0129025496993858,-0.35786304611248015,1,-1.5147330601973477,-0.6481753551535623,0.3749633842697951,-0.2826073044334395,-0.8123093913741105,-0.5148856304808219,-0.3532468856456782,-0.19167997823848998,-1.1407972824811217,1.6079910942278326,-0.2423377175166058,-0.5458937625582472,-0.3532468856456782,-0.5316095330711949,-1.531457092034337,-0.25968097836829673,-0.3421104893438741,0.7941368058034197,-0.25285257805588657,1.0297171749162293,-2.0175015489461217,0.34491378233027914,0.5506476653955981,-0.7634964500692145,17
-0.6114217963383591,-1.3360393847765342,-1.1888322936014033,3.250217823284074,1.2901143795189296,-0.3743051181921297,0.07260614867809903,0.7804782639289712,-0.1573803313198222,-0.5435553304269218,-0.9976946599159401,1.0129025496993858,-0.35786304611248015,1,-1.5147330601973477,-0.6481753551535623,0.3749633842697951,-0.2826073044334395,-0.8123093913741105,-0.5148856304808219,-0.3532468856456782,-0.19167997823848998,0.8765799282280009,-0.6218939915710208,-0.2423377175166058,-0.5458937625582472,2.8308812919105044,-0.5316095330711949,-1.531457092034337,-0.25968097836829673,2.9230322692469244,0.7941368058034197,-0.25285257805588657,-0.9711404493970425,0.49566256864703173,0.34491378233027914,-1.8160432938212439,-0.7634964500692145,10
1.8532536435597464,-0.45395437895764235,-0.2789830500314615,-0.7600319244561619,1.2901143795189296,-0.3743051181921297,1.1197481596133516,0.7804782639289712,1.5449502524562555,-0.5435553304269218,-0.9976946599159401,-1.7549869440054624,-0.7891594563761749,1,0.6601823293337999,1.5427923817978015,0.3749633842697951,-0.2826073044334395,1.2310580311134776,-0.5148856304808219,-0.3532468856456782,-0.19167997823848998,0.8765799282280009,-0.6218939915710208,-0.2423377175166058,1.8318582636182794,-0.3532468856456782,-0.5316095330711949,0.6529729139662889,-0.25968097836829673,-0.3421104893438741,-1.2592288793217572,-0.25285257805588657,-0.9711404493970425,0.49566256864703173,0.34491378233027914,0.5506476653955981,1.3097637846375647,13
-1.4329802763043944,-0.45395437895764235,-1.1888322936014033,1.913467907370662,1.2901143795189296,-0.3743051181921297,1.1197481596133516,-1.1237713349052476,-1.0085456232078611,-0.5435553304269218,-0.9976946599159401,0.3209301762731737,-0.7891594563761749,1,0.6601823293337999,-0.6481753551535623,0.3749633842697951,-0.2826073044334395,-0.8123093913741105,1.9421788855636883,-0.3532468856456782,-0.19167997823848998,0.8765799282280009,-0.6218939915710208,-0.2423377175166058,-0.5458937625582472,-0.3532468856456782,1.8810798862519205,-1.531457092034337,-0.25968097836829673,-0.3421104893438741,0.7941368058034197,-0.25285257805588657,1.0297171749162293,0.49566256864703173,0.34491378233027914,0.5506476653955981,-0.7634964500692145,13
-0.6114217963383591,-0.45395437895764235,-0.2789830500314615,1.913467907370662,-1.122808480157685,-0.3743051181921297,0.07260614867809903,-0.17164653548813819,-1.0085456232078611,-0.5435553304269218,-0.9976946599159401,0.3209301762731737,-0.7891594563761749,1,-1.5147330601973477,1.5427923817978015,0.3749633842697951,-0.2826073044334395,1.2310580311134776,-0.5148856304808219,-0.3532468856456782,-0.19167997823848998,0.8765799282280009,-0.6218939915710208,-0.2423377175166058,1.8318582636182794,-0.3532468856456782,-0.5316095330711949,-1.531457092034337,-0.25968097836829673,-0.3421104893438741,0.7941368058034197,-0.25285257805588657,1.0297171749162293,0.49566256864703173,0.34491378233027914,-1.8160432938212439,1.3097637846375647,16
-0.6114217963383591,-0.45395437895764235,-1.1888322936014033,0.5767179914572501,0.08365294968062233,-0.3743051181921297,1.1197481596133516,-1.1237713349052476,-1.8597109150959,-0.5435553304269218,-0.9976946599159401,-1.0630145705792504,-0.7891594563761749,0,-1.5147330601973477,-0.6481753551535623,0.3749633842697951,-0.2826073044334395,1.2310580311134776,-0.5148856304808219,-0.3532468856456782,-0.19167997823848998,-1.1407972824811217,1.6079910942278326,-0.2423377175166058,-0.5458937625582472,-0.3532468856456782,1.8810798862519205,0.6529729139662889,-0.25968097836829673,-0.3421104893438741,-1.2592288793217572,-0.25285257805588657,1.0297171749162293,0.49566256864703173,0.34491378233027914,0.5506476653955981,-0.7634964500692145,0
0.210136683627676,1.310215632680141,0.6308661935384804,0.5767179914572501,0.08365294968062233,-0.3743051181921297,-2.0216778731924063,1.7326030633460807,1.5449502524562555,-0.5435553304269218,1.339864308623573,1.0129025496993858,0.9360261846786041,0,0.6601823293337999,1.5427923817978015,0.3749633842697951,3.5384789575936906,-0.8123093913741105,-0.5148856304808219,-0.3532468856456782,-0.19167997823848998,0.8765799282280009,-0.6218939915710208,-0.2423377175166058,-0.5458937625582472,-0.3532468856456782,-0.5316095330711949,0.6529729139662889,-0.25968097836829673,-0.3421104893438741,-1.2592288793217572,-0.25285257805588657,1.0297171749162293,0.49566256864703173,0.34491378233027914,0.5506476653955981,1.3097637846375647,15
-1.4329802763043944,0.4281306268612493,0.6308661935384804,0.5767179914572501,1.2901143795189296,-0.3743051181921297,0.07260614867809903,-1.1237713349052476,-1.8597109150959,0.5385532875088825,0.5606779857770687,-0.3710421971530383,-0.35786304611248015,1,-1.5147330601973477,-0.6481753551535623,0.3749633842697951,-0.2826073044334395,-0.8123093913741105,1.9421788855636883,-0.3532468856456782,-0.19167997823848998,-1.1407972824811217,1.6079910942278326,-0.2423377175166058,-0.5458937625582472,-0.3532468856456782,1.8810798862519205,-1.531457092034337,3.8508788987298637,-0.3421104893438741,0.7941368058034197,3.9548736567715594,1.0297171749162293,0.49566256864703173,0.34491378233027914,0.5506476653955981,1.3097637846375647,13
-0.6114217963383591,-1.3360393847765342,-0.2789830500314615,-0.7600319244561619,-1.122808480157685,-0.3743051181921297,1.1197481596133516,-0.17164653548813819,1.5449502524562555,-0.5435553304269218,-0.2185083370694357,1.0129025496993858,0.0734333641512146,1,0.6601823293337999,-0.6481753551535623,0.3749633842697951,-0.2826073044334395,1.2310580311134776,-0.5148856304808219,-0.3532468856456782,-0.19167997823848998,0.8765799282280009,-0.6218939915710208,-0.2423377175166058,-0.5458937625582472,-0.3532468856456782,-0.5316095330711949,0.6529729139662889,-0.25968097836829673,-0.3421104893438741,-1.2592288793217572,-0.25285257805588657,-0.9711404493970425,0.49566256864703173,-2.8992752717617685,0.5506476653955981,-0.7634964500692145,11
-0.6114217963383591,1.310215632680141,1.5407154371084224,-0.7600319244561619,1.2901143795189296,-0.3743051181921297,0.07260614867809903,0.7804782639289712,-0.1573803313198222,-0.5435553304269218,-0.9976946599159401,0.3209301762731737,-0.7891594563761749,0,0.6601823293337999,-0.6481753551535623,0.3749633842697951,-0.2826073044334395,-0.8123093913741105,1.9421788855636883,-0.3532468856456782,-0.19167997823848998,-1.1407972824811217,-0.6218939915710208,4.126472801046648,-0.5458937625582472,2.8308812919105044,-0.5316095330711949,-1.531457092034337,-0.25968097836829673,-0.3421104893438741,0.7941368058034197,-0.25285257805588657,1.0297171749162293,0.49566256864703173,0.34491378233027914,0.5506476653955981,1.3097637846375647,16
-0.6114217963383591,-1.3360393847765342,-0.2789830500314615,-0.7600319244561619,1.2901143795189296,-0.3743051181921297,0.07260614867809903,0.7804782639289712,-0.1573803313198222,-0.5435553304269218,-0.9976946599159401,1.0129025496993858,-0.7891594563761749,0,0.6601823293337999,-0.6481753551535623,-2.666927070618917,-0.2826073044334395,1.2310580311134776,-0.5148856304808219,-0.3532468856456782,-0.19167997823848998,0.8765799282280009,-0.6218939915710208,-0.2423377175166058,-0.5458937625582472,2.8308812919105044,-0.5316095330711949,0.6529729139662889,-0.25968097836829673,2.9230322692469244,-1.2592288793217572,-0.25285257805588657,-0.9711404493970425,0.49566256864703173,0.34491378233027914,0.5506476653955981,-0.7634964500692145,11
0.210136683627676,-1.3360393847765342,-1.1888322936014033,1.913467907370662,-1.122808480157685,-0.3743051181921297,0.07260614867809903,-1.1237713349052476,-0.1573803313198222,1.6206619054446871,1.339864308623573,0.3209301762731737,0.0734333641512146,0,-1.5147330601973477,-0.6481753551535623,0.3749633842697951,-0.2826073044334395,1.2310580311134776,-0.5148856304808219,-0.3532468856456782,-0.19167997823848998,-1.1407972824811217,1.6079910942278326,-0.2423377175166058,-0.5458937625582472,2.8308812919105044,-0.5316095330711949,-1.531457092034337,-0.25968097836829673,-0.3421104893438741,-1.2592288793217572,-0.25285257805588657,-0.9711404493970425,-2.0175015489461217,-2.8992752717617685,-1.8160432938212439,-0.7634964500692145,14
-1.4329802763043944,1.310215632680141,0.6308661935384804,-0.7600319244561619,0.08365294968062233,-0.3743051181921297,0.07260614867809903,1.7326030633460807,-1.0085456232078611,-0.5435553304269218,-0.9976946599159401,1.0129025496993858,-0.7891594563761749,0,-1.5147330601973477,-0.6481753551535623,0.3749633842697951,-0.2826073044334395,-0.8123093913741105,-0.5148856304808219,2.8308812919105044,-0.19167997823848998,-1.1407972824811217,-0.6218939915710208,-0.2423377175166058,-0.5458937625582472,-0.3532468856456782,-0.5316095330711949,0.6529729139662889,-0.25968097836829673,-0.3421104893438741,0.7941368058034197,-0.25285257805588657,1.0297171749162293,0.49566256864703173,0.34491378233027914,0.5506476653955981,1.3097637846375647,15
1.0316951635937113,-1.3360393847765342,-1.1888322936014033,0.5767179914572501,-1.122808480157685,1.3126672547710103,0.07260614867809903,0.7804782639289712,-0.1573803313198222,1.6206619054446871,1.339864308623573,0.3209301762731737,-0.7891594563761749,0,-1.5147330601973477,-0.6481753551535623,0.3749633842697951,-0.2826073044334395,1.2310580311134776,-0.5148856304808219,-0.3532468856456782,-0.19167997823848998,0.8765799282280009,-0.6218939915710208,-0.2423377175166058,1.8318582636182794,-0.3532468856456782,-0.5316095330711949,0.6529729139662889,-0.25968097836829673,-0.3421104893438741,-1.2592288793217572,-0.25285257805588657,1.0297171749162293,0.49566256864703173,-2.8992752717617685,0.5506476653955981,-0.7634964500692145,10
-0.6114217963383591,1.310215632680141,1.5407154371084224,-0.7600319244561619,0.08365294968062233,-0.3743051181921297,0.07260614867809903,1.7326030633460807,-1.0085456232078611,-0.5435553304269218,-0.2185083370694357,-0.3710421971530383,-0.7891594563761749,1,0.6601823293337999,1.5427923817978015,0.3749633842697951,-0.2826073044334395,-0.8123093913741105,-0.5148856304808219,2.8308812919105044,-0.19167997823848998,-1.1407972824811217,-0.6218939915710208,4.126472801046648,-0.5458937625582472,-0.3532468856456782,1.8810798862519205,0.6529729139662889,-0.25968097836829673,-0.3421104893438741,0.7941368058034197,-0.25285257805588657,-0.9711404493970425,0.49566256864703173,0.34491378233027914,0.5506476653955981,-0.7634964500692145,11
-0.6114217963383591,-0.45395437895764235,-0.2789830500314615,-0.7600319244561619,0.08365294968062233,-0.3743051181921297,0.07260614867809903,-0.17164653548813819,1.5449502524562555,0.5385532875088825,1.339864308623573,0.3209301762731737,-0.7891594563761749,0,0.6601823293337999,-0.6481753551535623,0.3749633842697951,-0.2826073044334395,1.2310580311134776,-0.5148856304808219,-0.3532468856456782,-0.19167997823848998,0.8765799282280009,-0.6218939915710208,-0.2423377175166058,-0.5458937625582472,-0.3532468856456782,-0.5316095330711949,-1.531457092034337,-0.25968097836829673,-0.3421104893438741,-1.2592288793217572,-0.25285257805588657,-0.9711404493970425,0.49566256864703173,-2.8992752717617685,0.5506476653955981,-0.7634964500692145,11
-0.6114217963383591,-0.45395437895764235,-0.2789830500314615,1.913467907370662,-1.122808480157685,-0.3743051181921297,0.07260614867809903,-1.1237713349052476,-1.0085456232078611,-0.5435553304269218,-0.2185083370694357,-0.3710421971530383,0.0734333641512146,0,-1.5147330601973477,-0.6481753551535623,0.3749633842697951,-0.2826073044334395,-0.8123093913741105,-0.5148856304808219,-0.3532468856456782,-0.19167997823848998,0.8765799282280009,-0.6218939915710208,-0.2423377175166058,-0.5458937625582472,-0.3532468856456782,-0.5316095330711949,0.6529729139662889,-0.25968097836829673,-0.3421104893438741,-1.2592288793217572,-0.25285257805588657,-0.9711404493970425,-2.0175015489461217,0.34491378233027914,-1.8160432938212439,-0.7634964500692145,11
0.210136683627676,1.310215632680141,1.5407154371084224,-0.7600319244561619,-1.122808480157685,-0.3743051181921297,1.1197481596133516,-1.1237713349052476,-1.8597109150959,-0.5435553304269218,-0.2185083370694357,-0.3710421971530383,0.5047297744149093,1,-1.5147330601973477,1.5427923817978015,0.3749633842697951,-0.2826073044334395,-0.8123093913741105,1.9421788855636883,-0.3532468856456782,-0.19167997823848998,0.8765799282280009,-0.6218939915710208,-0.2423377175166058,-0.5458937625582472,2.8308812919105044,-0.5316095330711949,0.6529729139662889,-0.25968097836829673,-0.3421104893438741,0.7941368058034197,-0.25285257805588657,-0.9711404493970425,0.49566256864703173,0.34491378233027914,-1.8160432938212439,-0.7634964500692145,11
1.8532536435597464,-1.3360393847765342,-1.1888322936014033,0.5767179914572501,0.08365294968062233,1.3126672547710103,-3.068819884127659,-2.075896134322357,0.6937849605682166,2.702770523380491,-0.9976946599159401,-1.7549869440054624,1.7986190052059936,1,0.6601823293337999,-0.6481753551535623,0.3749633842697951,-0.2826073044334395,1.2310580311134776,-0.5148856304808219,-0.3532468856456782,-0.19167997823848998,0.8765799282280009,-0.6218939915710208,-0.2423377175166058,-0.5458937625582472,-0.3532468856456782,-0.5316095330711949,-1.531457092034337,3.8508788987298637,-0.3421104893438741,0.7941368058034197,-0.25285257805588657,-0.9711404493970425,0.49566256864703173,0.34491378233027914,0.5506476653955981,1.3097637846375647,9
2.674812123525782,-0.45395437895764235,-1.1888322936014033,0.5767179914572501,0.08365294968062233,-0.3743051181921297,-3.068819884127659,-1.1237713349052476,-0.1573803313198222,-0.5435553304269218,-0.2185083370694357,-1.0630145705792504,0.9360261846786041,1,-1.5147330601973477,-0.6481753551535623,0.3749633842697951,-0.2826073044334395,1.2310580311134776,-0.5148856304808219,-0.3532468856456782,-0.19167997823848998,0.8765799282280009,-0.6218939915710208,-0.2423377175166058,-0.5458937625582472,-0.3532468856456782,-0.5316095330711949,-1.531457092034337,3.8508788987298637,-0.3421104893438741,0.7941368058034197,3.9548736567715594,1.0297171749162293,0.49566256864703173,-2.8992752717617685,0.5506476653955981,1.3097637846375647,12
0.210136683627676,-1.3360393847765342,0.6308661935384804,0.5767179914572501,-1.122808480157685,-0.3743051181921297,1.1197481596133516,-2.075896134322357,-1.0085456232078611,1.6206619054446871,0.5606779857770687,1.0129025496993858,-0.35786304611248015,0,-1.5147330601973477,1.5427923817978015,0.3749633842697951,-0.2826073044334395,1.2310580311134776,-0.5148856304808219,-0.3532468856456782,-0.19167997823848998,0.8765799282280009,-0.6218939915710208,-0.2423377175166058,-0.5458937625582472,-0.3532468856456782,-0.5316095330711949,-1.531457092034337,-0.25968097836829673,-0.3421104893438741,-1.2592288793217572,-0.25285257805588657,1.0297171749162293,0.49566256864703173,0.34491378233027914,-1.8160432938212439,1.3097637846375647,12
-0.6114217963383591,1.310215632680141,0.6308661935384804,-0.7600319244561619,0.08365294968062233,-0.3743051181921297,0.07260614867809903,-0.17164653548813819,1.5449502524562555,-0.5435553304269218,2.1190506314700777,-1.0630145705792504,-0.35786304611248015,1,0.6601823293337999,-0.6481753551535623,0.3749633842697951,3.5384789575936906,-0.8123093913741105,-0.5148856304808219,-0.3532468856456782,-0.19167997823848998,0.8765799282280009,-0.6218939915710208,-0.2423377175166058,1.8318582636182794,-0.3532468856456782,-0.5316095330711949,0.6529729139662889,-0.25968097836829673,-0.3421104893438741,0.7941368058034197,-0.25285257805588657,1.0297171749162293,0.49566256864703173,0.34491378233027914,0.5506476653955981,-0.7634964500692145,15
1.8532536435597464,-1.3360393847765342,-1.1888322936014033,0.5767179914572501,0.08365294968062233,1.3126672547710103,0.07260614867809903,-0.17164653548813819,-0.1573803313198222,-0.5435553304269218,-0.9976946599159401,-0.3710421971530383,0.0734333641512146,1,-1.5147330601973477,-0.6481753551535623,0.3749633842697951,-0.2826073044334395,-0.8123093913741105,-0.5148856304808219,-0.3532468856456782,-0.19167997823848998,0.8765799282280009,-0.6218939915710208,-0.2423377175166058,-0.5458937625582472,-0.3532468856456782,-0.5316095330711949,-1.531457092034337,3.8508788987298637,-0.3421104893438741,0.7941368058034197,-0.25285257805588657,-0.9711404493970425,0.49566256864703173,0.34491378233027914,0.5506476653955981,1.3097637846375647,9
-1.4329802763043944,1.310215632680141,1.5407154371084224,0.5767179914572501,0.08365294968062233,-0.3743051181921297,0.07260614867809903,-0.17164653548813819,-1.8597109150959,-0.5435553304269218,-0.9976946599159401,1.0129025496993858,-0.35786304611248015,0,0.6601823293337999,-0.6481753551535623,0.3749633842697951,-0.2826073044334395,-0.8123093913741105,1.9421788855636883,-0.3532468856456782,-0.19167997823848998,-1.1407972824811217,1.6079910942278326,-0.2423377175166058,-0.5458937625582472,-0.3532468856456782,1.8810798862519205,0.6529729139662889,-0.25968097836829673,-0.3421104893438741,0.7941368058034197,-0.25285257805588657,1.0297171749162293,0.49566256864703173,0.34491378233027914,0.5506476653955981,-0.7634964500692145,15
1.0316951635937113,-1.3360393847765342,-1.1888322936014033,3.250217823284074,1.2901143795189296,-0.3743051181921297,0.07260614867809903,-0.17164653548813819,-1.0085456232078611,-0.5435553304269218,-0.2185083370694357,0.3209301762731737,0.0734333641512146,1,-1.5147330601973477,-0.6481753551535623,0.3749633842697951,-0.2826073044334395,1.2310580311134776,-0.5148856304808219,-0.3532468856456782,-0.19167997823848998,0.8765799282280009,-0.6218939915710208,-0.2423377175166058,1.8318582636182794,-0.3532468856456782,-0.5316095330711949,0.6529729139662889,-0.25968097836829673,-0.3421104893438741,-1.2592288793217572,-0.25285257805588657,-0.9711404493970425,0.49566256864703173,0.34491378233027914,0.5506476653955981,-0.7634964500692145,12
-0.6114217963383591,0.4281306268612493,1.5407154371084224,1.913467907370662,0.08365294968062233,-0.3743051181921297,0.07260614867809903,-1.1237713349052476,-1.8597109150959,-0.5435553304269218,-0.9976946599159401,-1.0630145705792504,-0.35786304611248015,1,-1.5147330601973477,1.5427923817978015,0.3749633842697951,-0.2826073044334395,-0.8123093913741105,-0.5148856304808219,-0.3532468856456782,-0.19167997823848998,0.8765799282280009,-0.6218939915710208,-0.2423377175166058,-0.5458937625582472,2.8308812919105044,-0.5316095330711949,0.6529729139662889,-0.25968097836829673,-0.3421104893438741,0.7941368058034197,-0.25285257805588657,-0.9711404493970425,-2.0175015489461217,0.34491378233027914,-1.8160432938212439,-0.7634964500692145,8
-1.4329802763043944,1.310215632680141,0.6308661935384804,-0.7600319244561619,-1.122808480157685,-0.3743051181921297,0.07260614867809903,1.7326030633460807,1.5449502524562555,-0.5435553304269218,0.5606779857770687,-1.7549869440054624,0.5047297744149093,1,0.6601823293337999,-0.6481753551535623,0.3749633842697951,-0.2826073044334395,-0.8123093913741105,1.9421788855636883,-0.3532468856456782,-0.19167997823848998,0.8765799282280009,-0.6218939915710208,-0.2423377175166058,-0.5458937625582472,-0.3532468856456782,1.8810798862519205,0.6529729139662889,-0.25968097836829673,-0.3421104893438741,-1.2592288793217572,-0.25285257805588657,1.0297171749162293,0.49566256864703173,0.34491378233027914,0.5506476653955981,-0.7634964500692145,13
1.0316951635937113,-1.3360393847765342,-1.1888322936014033,1.913467907370662,0.08365294968062233,1.3126672547710103,0.07260614867809903,0.7804782639289712,-1.0085456232078611,-0.5435553304269218,-0.2185083370694357,-1.0630145705792504,-0.35786304611248015,1,0.6601823293337999,-0.6481753551535623,0.3749633842697951,-0.2826073044334395,-0.8123093913741105,-0.5148856304808219,-0.3532468856456782,-0.19167997823848998,-1.1407972824811217,1.6079910942278326,-0.2423377175166058,-0.5458937625582472,-0.3532468856456782,-0.5316095330711949,0.6529729139662889,-0.25968097836829673,-0.3421104893438741,-1.2592288793217572,-0.25285257805588657,-0.9711404493970425,0.49566256864703173,-2.8992752717617685,-1.8160432938212439,-0.7634964500692145,10
0.210136683627676,-0.45395437895764235,-1.1888322936014033,1.913467907370662,-1.122808480157685,-0.3743051181921297,1.1197481596133516,1.7326030633460807,-0.1573803313198222,-0.5435553304269218,-0.9976946599159401,-0.3710421971530383,-0.35786304611248015,1,-1.5147330601973477,-0.6481753551535623,0.3749633842697951,-0.2826073044334395,-0.8123093913741105,-0.5148856304808219,-0.3532468856456782,-0.19167997823848998,0.8765799282280009,-0.6218939915710208,-0.2423377175166058,-0.5458937625582472,-0.3532468856456782,-0.5316095330711949,0.6529729139662889,-0.25968097836829673,-0.3421104893438741,0.7941368058034197,-0.25285257805588657,1.0297171749162293,0.49566256864703173,-2.8992752717617685,-1.8160432938212439,1.3097637846375647,11
-1.4329802763043944,1.310215632680141,-1.1888322936014033,-0.7600319244561619,0.08365294968062233,-0.3743051181921297,1.1197481596133516,-0.17164653548813819,0.6937849605682166,-0.5435553304269218,-0.2185083370694357,-1.0630145705792504,0.7203779795467566,0,-1.5147330601973477,1.5427923817978015,0.3749633842697951,3.5384789575936906,-0.8123093913741105,-0.5148856304808219,-0.3532468856456782,-0.19167997823848998,-1.1407972824811217,1.6079910942278326,-0.2423377175166058,-0.5458937625582472,-0.3532468856456782,1.8810798862519205,-1.531457092034337,-0.25968097836829673,-0.3421104893438741,0.7941368058034197,-0.25285257805588657,1.0297171749162293,0.49566256864703173,0.34491378233027914,0.5506476653955981,-0.7634964500692145,8
1.0316951635937113,-0.45395437895764235,1.5407154371084224,-0.7600319244561619,0.08365294968062233,1.3126672547710103,-2.0216778731924063,-0.17164653548813819,-1.0085456232078611,-0.5435553304269218,0.5606779857770687,-1.7549869440054624,0.9360261846786041,1,0.6601823293337999,-0.6481753551535623,-2.666927070618917,-0.2826073044334395,1.2310580311134776,-0.5148856304808219,-0.3532468856456782,-0.19167997823848998,-1.1407972824811217,1.6079910942278326,-0.2423377175166058,-0.5458937625582472,-0.3532468856456782,1.8810798862519205,-1.531457092034337,-0.25968097836829673,-0.3421104893438741,0.7941368058034197,-0.25285257805588657,-0.9711404493970425,0.49566256864703173,0.34491378233027914,0.5506476653955981,-0.7634964500692145,8
0.210136683627676,-0.45395437895764235,-0.2789830500314615,-0.7600319244561619,1.2901143795189296,-0.3743051181921297,0.07260614867809903,-0.17164653548813819,-0.1573803313198222,-0.5435553304269218,-0.9976946599159401,0.3209301762731737,-0.7891594563761749,1,0.6601823293337999,-0.6481753551535623,0.3749633842697951,-0.2826073044334395,-0.8123093913741105,-0.5148856304808219,-0.3532468856456782,-0.19167997823848998,-1.1407972824811217,-0.6218939915710208,-0.2423377175166058,-0.5458937625582472,-0.3532468856456782,-0.5316095330711949,0.6529729139662889,-0.25968097836829673,-0.3421104893438741,0.7941368058034197,-0.25285257805588657,1.0297171749162293,0.49566256864703173,0.34491378233027914,0.5506476653955981,-0.7634964500692145,13
1.0316951635937113,0.4281306268612493,0.6308661935384804,-0.7600319244561619,0.08365294968062233,-0.3743051181921297,0.07260614867809903,-2.075896134322357,-0.1573803313198222,-0.5435553304269218,-0.2185083370694357,-1.7549869440054624,-0.5735112512443276,1,0.6601823293337999,-0.6481753551535623,0.3749633842697951,-0.2826073044334395,1.2310580311134776,-0.5148856304808219,-0.3532468856456782,-0.19167997823848998,0.8765799282280009,-0.6218939915710208,-0.2423377175166058,1.8318582636182794,-0.3532468856456782,-0.5316095330711949,0.6529729139662889,-0.25968097836829673,-0.3421104893438741,-1.2592288793217572,-0.25285257805588657,-0.9711404493970425,0.49566256864703173,0.34491378233027914,0.5506476653955981,1.3097637846375647,16
0.210136683627676,-0.45395437895764235,-0.2789830500314615,0.5767179914572501,0.08365294968062233,-0.3743051181921297,0.07260614867809903,-0.17164653548813819,1.5449502524562555,-0.5435553304269218,-0.2185083370694357,0.3209301762731737,-0.7891594563761749,1,-1.5147330601973477,-0.6481753551535623,0.3749633842697951,-0.2826073044334395,-0.8123093913741105,-0.5148856304808219,-0.3532468856456782,-0.19167997823848998,0.8765799282280009,-0.6218939915710208,-0.2423377175166058,-0.5458937625582472,-0.3532468856456782,-0.5316095330711949,0.6529729139662889,-0.25968097836829673,-0.3421104893438741,0.7941368058034197,-0.25285257805588657,-0.9711404493970425,0.49566256864703173,0.34491378233027914,0.5506476653955981,-0.7634964500692145,11
0.210136683627676,1.310215632680141,1.5407154371084224,-0.7600319244561619,-1.122808480157685,-0.3743051181921297,0.07260614867809903,-1.1237713349052476,-1.8597109150959,-0.5435553304269218,-0.9976946599159401,0.3209301762731737,-0.7891594563761749,1,0.6601823293337999,-0.6481753551535623,0.3749633842697951,-0.2826073044334395,1.2310580311134776,-0.5148856304808219,-0.3532468856456782,-0.19167997823848998,-1.1407972824811217,-0.6218939915710208,4.126472801046648,-0.5458937625582472,-0.3532468856456782,-0.5316095330711949,0.6529729139662889,-0.25968097836829673,2.9230322692469244,0.7941368058034197,-0.25285257805588657,-0.9711404493970425,0.49566256864703173,0.34491378233027914,-1.8160432938212439,1.3097637846375647,13
0.210136683627676,1.310215632680141,1.5407154371084224,0.5767179914572501,0.08365294968062233,-0.3743051181921297,-0.9745358622571536,-0.17164653548813819,-0.1573803313198222,0.5385532875088825,0.5606779857770687,0.3209301762731737,-0.7891594563761749,0,-1.5147330601973477,1.5427923817978015,-2.666927070618917,-0.2826073044334395,-0.8123093913741105,-0.5148856304808219,2.8308812919105044,-0.19167997823848998,0.8765799282280009,-0.6218939915710208,-0.2423377175166058,-0.5458937625582472,-0.3532468856456782,-0.5316095330711949,0.6529729139662889,-0.25968097836829673,-0.3421104893438741,0.7941368058034197,-0.25285257805588657,-0.9711404493970425,0.49566256864703173,0.34491378233027914,0.5506476653955981,-0.7634964500692145,12
1.0316951635937113,1.310215632680141,0.6308661935384804,-0.7600319244561619,1.2901143795189296,-0.3743051181921297,1.1197481596133516,0.7804782639289712,1.5449502524562555,0.5385532875088825,0.5606779857770687,1.0129025496993858,-0.7891594563761749,0,0.6601823293337999,-0.6481753551535623,0.3749633842697951,-0.2826073044334395,-0.8123093913741105,-0.5148856304808219,2.8308812919105044,-0.19167997823848998,0.8765799282280009,-0.6218939915710208,-0.2423377175166058,-0.5458937625582472,-0.3532468856456782,-0.5316095330711949,0.6529729139662889,-0.25968097836829673,-0.3421104893438741,0.7941368058034197,-0.25285257805588657,-0.9711404493970425,0.49566256864703173,0.34491378233027914,0.5506476653955981,1.3097637846375647,14
-1.4329802763043944,-1.3360393847765342,-0.2789830500314615,-0.7600319244561619,0.08365294968062233,-0.3743051181921297,-2.0216778731924063,-0.17164653548813819,0.6937849605682166,0.5385532875088825,1.339864308623573,-1.7549869440054624,0.5047297744149093,1,0.6601823293337999,-0.6481753551535623,0.3749633842697951,-0.2826073044334395,-0.8123093913741105,-0.5148856304808219,-0.3532468856456782,-0.19167997823848998,-1.1407972824811217,1.6079910942278326,-0.2423377175166058,-0.5458937625582472,-0.3532468856456782,-0.5316095330711949,-1.531457092034337,-0.25968097836829673,-0.3421104893438741,-1.2592288793217572,-0.25285257805588657,-0.9711404493970425,-2.0175015489461217,0.34491378233027914,-1.8160432938212439,1.3097637846375647,11
0.210136683627676,0.4281306268612493,-0.2789830500314615,0.5767179914572501,-1.122808480157685,-0.3743051181921297,0.07260614867809903,-0.17164653548813819,-0.1573803313198222,0.5385532875088825,-0.2185083370694357,-1.7549869440054624,0.28908156928306195,1,0.6601823293337999,-0.6481753551535623,0.3749633842697951,-0.2826073044334395,-0.8123093913741105,-0.5148856304808219,-0.3532468856456782,-0.19167997823848998,0.8765799282280009,-0.6218939915710208,-0.2423377175166058,1.8318582636182794,-0.3532468856456782,-0.5316095330711949,0.6529729139662889,-0.25968097836829673,-0.3421104893438741,-1.2592288793217572,-0.25285257805588657,-0.9711404493970425,0.49566256864703173,0.34491378233027914,-1.8160432938212439,1.3097637846375647,11
0.210136683627676,-2.2181243905954258,-1.1888322936014033,0.5767179914572501,-1.122808480157685,-0.3743051181921297,-2.0216778731924063,0.7804782639289712,0.6937849605682166,1.6206619054446871,2.1190506314700777,1.0129025496993858,0.28908156928306195,1,0.6601823293337999,-0.6481753551535623,0.3749633842697951,-0.2826073044334395,1.2310580311134776,-0.5148856304808219,-0.3532468856456782,-0.19167997823848998,-1.1407972824811217,-0.6218939915710208,-0.2423377175166058,-0.5458937625582472,-0.3532468856456782,-0.5316095330711949,-1.531457092034337,-0.25968097836829673,-0.3421104893438741,-1.2592288793217572,-0.25285257805588657,1.0297171749162293,-2.0175015489461217,0.34491378233027914,-1.8160432938212439,-0.7634964500692145,10
1.8532536435597464,-1.3360393847765342,-1.1888322936014033,-0.7600319244561619,0.08365294968062233,2.9996396277341506,0.07260614867809903,0.7804782639289712,-0.1573803313198222,1.6206619054446871,1.339864308623573,0.3209301762731737,-0.35786304611248015,0,0.6601823293337999,-0.6481753551535623,0.3749633842697951,-0.2826073044334395,1.2310580311134776,-0.5148856304808219,-0.3532468856456782,-0.19167997823848998,0.8765799282280009,-0.6218939915710208,-0.2423377175166058,-0.5458937625582472,2.8308812919105044,-0.5316095330711949,0.6529729139662889,-0.25968097836829673,-0.3421104893438741,0.7941368058034197,-0.25285257805588657,1.0297171749162293,0.49566256864703173,-2.8992752717617685,0.5506476653955981,-0.7634964500692145,10
-0.6114217963383591,0.4281306268612493,-1.1888322936014033,-0.7600319244561619,0.08365294968062233,-0.3743051181921297,-2.0216778731924063,-0.17164653548813819,-0.1573803313198222,0.5385532875088825,-0.2185083370694357,0.3209301762731737,-0.35786304611248015,1,0.6601823293337999,-0.6481753551535623,-2.666927070618917,-0.2826073044334395,-0.8123093913741105,1.9421788855636883,-0.3532468856456782,-0.19167997823848998,0.8765799282280009,-0.6218939915710208,-0.2423377175166058,-0.5458937625582472,-0.3532468856456782,-0.5316095330711949,0.6529729139662889,-0.25968097836829673,-0.3421104893438741,0.7941368058034197,-0.25285257805588657,-0.9711404493970425,0.49566256864703173,0.34491378233027914,0.5506476653955981,-0.7634964500692145,12
-0.6114217963383591,-0.45395437895764235,-0.2789830500314615,0.5767179914572501,0.08365294968062233,1.3126672547710103,0.07260614867809903,-0.17164653548813819,-0.1573803313198222,0.5385532875088825,-0.2185083370694357,1.0129025496993858,2.2299154154696885,1,0.6601823293337999,1.5427923817978015,0.3749633842697951,-0.2826073044334395,1.2310580311134776,-0.5148856304808219,-0.3532468856456782,-0.19167997823848998,-1.1407972824811217,-0.6218939915710208,-0.2423377175166058,-0.5458937625582472,-0.3532468856456782,-0.5316095330711949,-1.531457092034337,-0.25968097836829673,2.9230322692469244,-1.2592288793217572,-0.25285257805588657,1.0297171749162293,0.49566256864703173,0.34491378233027914,0.5506476653955981,-0.7634964500692145,11
0.210136683627676,0.4281306268612493,-0.2789830500314615,-0.7600319244561619,0.08365294968062233,-0.3743051181921297,0.07260614867809903,-0.17164653548813819,-1.0085456232078611,0.5385532875088825,0.5606779857770687,-1.0630145705792504,-0.7891594563761749,1,0.6601823293337999,-0.6481753551535623,0.3749633842697951,-0.2826073044334395,1.2310580311134776,-0.5148856304808219,-0.3532468856456782,-0.19167997823848998,0.8765799282280009,-0.6218939915710208,-0.2423377175166058,1.8318582636182794,-0.3532468856456782,-0.5316095330711949,0.6529729139662889,-0.25968097836829673,-0.3421104893438741,0.7941368058034197,-0.25285257805588657,-0.9711404493970425,0.49566256864703173,0.34491378233027914,0.5506476653955981,1.3097637846375647,15
0.210136683627676,-0.45395437895764235,-1.1888322936014033,-0.7600319244561619,0.08365294968062233,-0.3743051181921297,0.07260614867809903,-0.17164653548813819,1.5449502524562555,0.5385532875088825,1.339864308623573,0.3209301762731737,0.0734333641512146,1,0.6601823293337999,-0.6481753551535623,0.3749633842697951,-0.2826073044334395,-0.8123093913741105,1.9421788855636883,-0.3532468856456782,-0.19167997823848998,0.8765799282280009,-0.6218939915710208,-0.2423377175166058,-0.5458937625582472,-0.3532468856456782,1.8810798862519205,0.6529729139662889,-0.25968097836829673,-0.3421104893438741,0.7941368058034197,-0.25285257805588657,1.0297171749162293,0.49566256864703173,0.34491378233027914,0.5506476653955981,-0.7634964500692145,16
1.0316951635937113,-1.3360393847765342,-1.1888322936014033,0.5767179914572501,0.08365294968062233,-0.3743051181921297,-2.0216778731924063,-0.17164653548813819,1.5449502524562555,-0.5435553304269218,1.339864308623573,-0.3710421971530383,0.9360261846786041,1,0.6601823293337999,1.5427923817978015,0.3749633842697951,-0.2826073044334395,1.2310580311134776,-0.5148856304808219,-0.3532468856456782,-0.19167997823848998,-1.1407972824811217,-0.6218939915710208,-0.2423377175166058,-0.5458937625582472,-0.3532468856456782,1.8810798862519205,0.6529729139662889,-0.25968097836829673,2.9230322692469244,-1.2592288793217572,-0.25285257805588657,-0.9711404493970425,0.49566256864703173,0.34491378233027914,-1.8160432938212439,-0.7634964500692145,10
0.210136683627676,1.310215632680141,1.5407154371084224,-0.7600319244561619,0.08365294968062233,-0.3743051181921297,1.1197481596133516,-1.1237713349052476,1.5449502524562555,-0.5435553304269218,-0.9976946599159401,1.0129025496993858,-0.7891594563761749,1,0.6601823293337999,-0.6481753551535623,0.3749633842697951,3.5384789575936906,-0.8123093913741105,-0.5148856304808219,-0.3532468856456782,5.217028972925858,-1.1407972824811217,-0.6218939915710208,-0.2423377175166058,-0.5458937625582472,-0.3532468856456782,-0.5316095330711949,-1.531457092034337,-0.25968097836829673,-0.3421104893438741,0.7941368058034197,-0.25285257805588657,-0.9711404493970425,0.49566256864703173,0.34491378233027914,0.5506476653955981,-0.7634964500692145,16
0.210136683627676,0.4281306268612493,0.6308661935384804,-0.7600319244561619,0.08365294968062233,-0.3743051181921297,0.07260614867809903,-0.17164653548813819,0.6937849605682166,0.5385532875088825,0.5606779857770687,0.3209301762731737,0.5047297744149093,0,0.6601823293337999,-0.6481753551535623,0.3749633842697951,-0.2826073044334395,-0.8123093913741105,1.9421788855636883,-0.3532468856456782,-0.19167997823848998,-1.1407972824811217,1.6079910942278326,-0.2423377175166058,-0.5458937625582472,2.8308812919105044,-0.5316095330711949,0.6529729139662889,-0.25968097836829673,-0.3421104893438741,0.7941368058034197,-0.25285257805588657,1.0297171749162293,0.49566256864703173,0.34491378233027914,0.5506476653955981,1.3097637846375647,14
1.0316951635937113,-1.3360393847765342,-1.1888322936014033,1.913467907370662,0.08365294968062233,2.9996396277341506,-0.9745358622571536,0.7804782639289712,0.6937849605682166,0.5385532875088825,-0.2185083370694357,1.0129025496993858,-0.14221484098063278,1,0.6601823293337999,-0.6481753551535623,0.3749633842697951,-0.2826073044334395,1.2310580311134776,-0.5148856304808219,-0.3532468856456782,-0.19167997823848998,0.8765799282280009,-0.6218939915710208,-0.2423377175166058,-0.5458937625582472,-0.3532468856456782,-0.5316095330711949,0.6529729139662889,-0.25968097836829673,-0.3421104893438741,-1.2592288793217572,-0.25285257805588657,1.0297171749162293,0.49566256864703173,0.34491378233027914,-1.8160432938212439,1.3097637846375647,7
0.210136683627676,-0.45395437895764235,-0.2789830500314615,-0.7600319244561619,-1.122808480157685,-0.3743051181921297,-0.9745358622571536,0.7804782639289712,0.6937849605682166,-0.5435553304269218,0.5606779857770687,1.0129025496993858,-0.35786304611248015,1,0.6601823293337999,1.5427923817978015,0.3749633842697951,-0.2826073044334395,1.2310580311134776,-0.5148856304808219,-0.3532468856456782,-0.19167997823848998,0.8765799282280009,-0.6218939915710208,-0.2423377175166058,-0.5458937625582472,-0.3532468856456782,-0.5316095330711949,-1.531457092034337,-0.25968097836829673,-0.3421104893438741,0.7941368058034197,-0.25285257805588657,-0.9711404493970425,0.49566256864703173,0.34491378233027914,0.5506476653955981,1.3097637846375647,12
1.8532536435597464,1.310215632680141,1.5407154371084224,0.5767179914572501,0.08365294968062233,-0.3743051181921297,-2.0216778731924063,-0.17164653548813819,0.6937849605682166,0.5385532875088825,0.5606779857770687,-1.0630145705792504,-0.35786304611248015,1,0.6601823293337999,-0.6481753551535623,0.3749633842697951,3.5384789575936906,-0.8123093913741105,-0.5148856304808219,-0.3532468856456782,-0.19167997823848998,0.8765799282280009,-0.6218939915710208,-0.2423377175166058,-0.5458937625582472,-0.3532468856456782,1.8810798862519205,-1.531457092034337,3.8508788987298637,-0.3421104893438741,0.7941368058034197,-0.25285257805588657,1.0297171749162293,0.49566256864703173,0.34491378233027914,0.5506476653955981,-0.7634964500692145,13
1.0316951635937113,-1.3360393847765342,-1.1888322936014033,-0.7600319244561619,1.2901143795189296,-0.3743051181921297,0.07260614867809903,0.7804782639289712,-0.1573803313198222,0.5385532875088825,0.5606779857770687,-0.3710421971530383,0.0734333641512146,1,0.6601823293337999,1.5427923817978015,0.3749633842697951,-0.2826073044334395,1.2310580311134776,-0.5148856304808219,-0.3532468856456782,-0.19167997823848998,-1.1407972824811217,-0.6218939915710208,-0.2423377175166058,1.8318582636182794,-0.3532468856456782,-0.5316095330711949,0.6529729139662889,-0.25968097836829673,-0.3421104893438741,0.7941368058034197,-0.25285257805588657,-0.9711404493970425,-2.0175015489461217,0.34491378233027914,-1.8160432938212439,-0.7634964500692145,14
-0.6114217963383591,-0.45395437895764235,-0.2789830500314615,3.250217823284074,1.2901143795189296,-0.3743051181921297,1.1197481596133516,-2.075896134322357,-0.1573803313198222,0.5385532875088825,-0.2185083370694357,-0.3710421971530383,-0.7891594563761749,0,0.6601823293337999,1.5427923817978015,0.3749633842697951,-0.2826073044334395,-0.8123093913741105,1.9421788855636883,-0.3532468856456782,-0.19167997823848998,-1.1407972824811217,1.6079910942278326,-0.2423377175166058,-0.5458937625582472,2.8308812919105044,-0.5316095330711949,0.6529729139662889,-0.25968097836829673,-0.3421104893438741,-1.2592288793217572,-0.25285257805588657,-0.9711404493970425,0.49566256864703173,0.34491378233027914,-1.8160432938212439,-0.7634964500692145,10
0.210136683627676,0.4281306268612493,0.6308661935384804,0.5767179914572501,2.496575809357237,1.3126672547710103,1.1197481596133516,0.7804782639289712,1.5449502524562555,1.6206619054446871,1.339864308623573,1.0129025496993858,-0.7891594563761749,0,0.6601823293337999,-0.6481753551535623,0.3749633842697951,-0.2826073044334395,-0.8123093913741105,1.9421788855636883,-0.3532468856456782,-0.19167997823848998,-1.1407972824811217,-0.6218939915710208,-0.2423377175166058,-0.5458937625582472,-0.3532468856456782,-0.5316095330711949,0.6529729139662889,-0.25968097836829673,-0.3421104893438741,0.7941368058034197,3.9548736567715594,1.0297171749162293,0.49566256864703173,0.34491378233027914,-1.8160432938212439,-0.7634964500692145,10
0.210136683627676,-0.45395437895764235,-0.2789830500314615,0.5767179914572501,-1.122808480157685,-0.3743051181921297,1.1197481596133516,-1.1237713349052476,-1.0085456232078611,-0.5435553304269218,-0.9976946599159401,0.3209301762731737,-0.7891594563761749,0,-1.5147330601973477,-0.6481753551535623,0.3749633842697951,-0.2826073044334395,1.2310580311134776,-0.5148856304808219,-0.3532468856456782,-0.19167997823848998,-1.1407972824811217,1.6079910942278326,-0.2423377175166058,-0.5458937625582472,2.8308812919105044,-0.5316095330711949,0.6529729139662889,-0.25968097836829673,-0.3421104893438741,-1.2592288793217572,-0.25285257805588657,-0.9711404493970425,-2.0175015489461217,-2.8992752717617685,-1.8160432938212439,-0.7634964500692145,10
-1.4329802763043944,-1.3360393847765342,-1.1888322936014033,-0.7600319244561619,0.08365294968062233,-0.3743051181921297,-0.9745358622571536,-0.17164653548813819,0.6937849605682166,0.5385532875088825,1.339864308623573,1.0129025496993858,-0.35786304611248015,1,-1.5147330601973477,-0.6481753551535623,0.3749633842697951,-0.2826073044334395,1.2310580311134776,-0.5148856304808219,-0.3532468856456782,-0.19167997823848998,0.8765799282280009,-0.6218939915710208,-0.2423377175166058,-0.5458937625582472,-0.3532468856456782,1.8810798862519205,0.6529729139662889,-0.25968097836829673,2.9230322692469244,0.7941368058034197,-0.25285257805588657,-0.9711404493970425,-2.0175015489461217,0.34491378233027914,0.5506476653955981,1.3097637846375647,11
0.210136683627676,-1.3360393847765342,-1.1888322936014033,-0.7600319244561619,1.2901143795189296,-0.3743051181921297,0.07260614867809903,-0.17164653548813819,-1.0085456232078611,-0.5435553304269218,-0.2185083370694357,0.3209301762731737,1.367322594942299,1,0.6601823293337999,1.5427923817978015,0.3749633842697951,-0.2826073044334395,-0.8123093913741105,-0.5148856304808219,-0.3532468856456782,-0.19167997823848998,-1.1407972824811217,-0.6218939915710208,-0.2423377175166058,-0.5458937625582472,-0.3532468856456782,-0.5316095330711949,0.6529729139662889,-0.25968097836829673,-0.3421104893438741,0.7941368058034197,-0.25285257805588657,1.0297171749162293,0.49566256864703173,0.34491378233027914,0.5506476653955981,1.3097637846375647,10
-1.4329802763043944,0.4281306268612493,0.6308661935384804,-0.7600319244561619,0.08365294968062233,-0.3743051181921297,0.07260614867809903,1.7326030633460807,0.6937849605682166,-0.5435553304269218,-0.9976946599159401,-1.7549869440054624,0.0734333641512146,1,-1.5147330601973477,-0.6481753551535623,0.3749633842697951,-0.2826073044334395,-0.8123093913741105,1.9421788855636883,-0.3532468856456782,-0.19167997823848998,0.8765799282280009,-0.6218939915710208,-0.2423377175166058,-0.5458937625582472,-0.3532468856456782,1.8810798862519205,0.6529729139662889,-0.25968097836829673,-0.3421104893438741,0.7941368058034197,-0.25285257805588657,-0.9711404493970425,0.49566256864703173,0.34491378233027914,0.5506476653955981,1.3097637846375647,12
2.674812123525782,0.4281306268612493,-0.2789830500314615,-0.7600319244561619,-1.122808480157685,2.9996396277341506,1.1197481596133516,1.7326030633460807,-0.1573803313198222,-0.5435553304269218,-0.9976946599159401,1.0129025496993858,-0.7891594563761749,0,0.6601823293337999,-0.6481753551535623,-2.666927070618917,-0.2826073044334395,-0.8123093913741105,1.9421788855636883,-0.3532468856456782,-0.19167997823848998,0.8765799282280009,-0.6218939915710208,-0.2423377175166058,-0.5458937625582472,-0.3532468856456782,-0.5316095330711949,-1.531457092034337,3.8508788987298637,-0.3421104893438741,-1.2592288793217572,-0.25285257805588657,1.0297171749162293,0.49566256864703173,0.34491378233027914,-1.8160432938212439,-0.7634964500692145,15
-1.4329802763043944,0.4281306268612493,0.6308661935384804,-0.7600319244561619,2.496575809357237,-0.3743051181921297,0.07260614867809903,-0.17164653548813819,-0.1573803313198222,-0.5435553304269218,-0.9976946599159401,0.3209301762731737,1.367322594942299,1,0.6601823293337999,-0.6481753551535623,-2.666927070618917,-0.2826073044334395,1.2310580311134776,-0.5148856304808219,-0.3532468856456782,5.217028972925858,-1.1407972824811217,-0.6218939915710208,-0.2423377175166058,-0.5458937625582472,-0.3532468856456782,1.8810798862519205,-1.531457092034337,-0.25968097836829673,2.9230322692469244,-1.2592288793217572,-0.25285257805588657,-0.9711404493970425,0.49566256864703173,0.34491378233027914,-1.8160432938212439,-0.7634964500692145,10
0.210136683627676,-1.3360393847765342,-1.1888322936014033,-0.7600319244561619,-1.122808480157685,1.3126672547710103,1.1197481596133516,0.7804782639289712,0.6937849605682166,0.5385532875088825,-0.2185083370694357,1.0129025496993858,-0.7891594563761749,1,-1.5147330601973477,-0.6481753551535623,0.3749633842697951,-0.2826073044334395,1.2310580311134776,-0.5148856304808219,-0.3532468856456782,-0.19167997823848998,0.8765799282280009,-0.6218939915710208,-0.2423377175166058,-0.5458937625582472,2.8308812919105044,-0.5316095330711949,-1.531457092034337,-0.25968097836829673,-0.3421104893438741,0.7941368058034197,-0.25285257805588657,-0.9711404493970425,-2.0175015489461217,-2.8992752717617685,0.5506476653955981,-0.7634964500692145,7
1.0316951635937113,1.310215632680141,1.5407154371084224,0.5767179914572501,0.08365294968062233,-0.3743051181921297,0.07260614867809903,-0.17164653548813819,1.5449502524562555,-0.5435553304269218,-0.2185083370694357,-1.7549869440054624,-0.7891594563761749,1,0.6601823293337999,-0.6481753551535623,0.3749633842697951,-0.2826073044334395,-0.8123093913741105,-0.5148856304808219,2.8308812919105044,-0.19167997823848998,-1.1407972824811217,-0.6218939915710208,4.126472801046648,-0.5458937625582472,-0.3532468856456782,1.8810798862519205,0.6529729139662889,-0.25968097836829673,-0.3421104893438741,-1.2592288793217572,-0.25285257805588657,1.0297171749162293,-2.0175015489461217,0.34491378233027914,0.5506476653955981,-0.7634964500692145,18
0.210136683627676,-0.45395437895764235,-0.2789830500314615,1.913467907370662,1.2901143795189296,-0.3743051181921297,0.07260614867809903,-1.1237713349052476,-0.1573803313198222,-0.5435553304269218,-0.9976946599159401,-1.7549869440054624,0.9360261846786041,1,0.6601823293337999,-0.6481753551535623,0.3749633842697951,-0.2826073044334395,1.2310580311134776,-0.5148856304808219,-0.3532468856456782,-0.19167997823848998,-1.1407972824811217,1.6079910942278326,-0.2423377175166058,-0.5458937625582472,-0.3532468856456782,1.8810798862519205,-1.531457092034337,-0.25968097836829673,-0.3421104893438741,0.7941368058034197,-0.25285257805588657,-0.9711404493970425,0.49566256864703173,0.34491378233027914,0.5506476653955981,1.3097637846375647,15
-0.6114217963383591,1.310215632680141,-0.2789830500314615,-0.7600319244561619,0.08365294968062233,-0.3743051181921297,0.07260614867809903,1.7326030633460807,-1.8597109150959,-0.5435553304269218,0.5606779857770687,1.0129025496993858,-0.7891594563761749,0,0.6601823293337999,1.5427923817978015,0.3749633842697951,-0.2826073044334395,-0.8123093913741105,-0.5148856304808219,2.8308812919105044,-0.19167997823848998,0.8765799282280009,-0.6218939915710208,-0.2423377175166058,-0.5458937625582472,-0.3532468856456782,-0.5316095330711949,0.6529729139662889,-0.25968097836829673,-0.3421104893438741,-1.2592288793217572,-0.25285257805588657,1.0297171749162293,0.49566256864703173,0.34491378233027914,0.5506476653955981,-0.7634964500692145,14
0.210136683627676,-0.45395437895764235,-1.1888322936014033,0.5767179914572501,1.2901143795189296,-0.3743051181921297,-0.9745358622571536,-1.1237713349052476,-0.1573803313198222,-0.5435553304269218,-0.2185083370694357,-0.3710421971530383,-0.7891594563761749,1,0.6601823293337999,-0.6481753551535623,-2.666927070618917,-0.2826073044334395,1.2310580311134776,-0.5148856304808219,-0.3532468856456782,-0.19167997823848998,0.8765799282280009,-0.6218939915710208,-0.2423377175166058,-0.5458937625582472,-0.3532468856456782,-0.5316095330711949,0.6529729139662889,-0.25968097836829673,-0.3421104893438741,-1.2592288793217572,-0.25285257805588657,1.0297171749162293,0.49566256864703173,0.34491378233027914,0.5506476653955981,1.3097637846375647,16
0.210136683627676,-1.3360393847765342,-1.1888322936014033,1.913467907370662,-1.122808480157685,1.3126672547710103,1.1197481596133516,-1.1237713349052476,-1.8597109150959,-0.5435553304269218,-0.2185083370694357,-1.7549869440054624,-0.7891594563761749,1,-1.5147330601973477,-0.6481753551535623,0.3749633842697951,-0.2826073044334395,1.2310580311134776,-0.5148856304808219,-0.3532468856456782,-0.19167997823848998,-1.1407972824811217,1.6079910942278326,-0.2423377175166058,-0.5458937625582472,-0.3532468856456782,1.8810798862519205,0.6529729139662889,-0.25968097836829673,-0.3421104893438741,0.7941368058034197,-0.25285257805588657,-0.9711404493970425,0.49566256864703173,0.34491378233027914,0.5506476653955981,1.3097637846375647,9
-1.4329802763043944,-1.3360393847765342,-1.1888322936014033,1.913467907370662,0.08365294968062233,-0.3743051181921297,0.07260614867809903,-1.1237713349052476,-1.8597109150959,-0.5435553304269218,-0.2185083370694357,-1.0630145705792504,-0.7891594563761749,1,-1.5147330601973477,-0.6481753551535623,0.3749633842697951,-0.2826073044334395,-0.8123093913741105,-0.5148856304808219,-0.3532468856456782,-0.19167997823848998,-1.1407972824811217,-0.6218939915710208,-0.2423377175166058,-0.5458937625582472,-0.3532468856456782,-0.5316095330711949,-1.531457092034337,-0.25968097836829673,-0.3421104893438741,0.7941368058034197,-0.25285257805588657,-0.9711404493970425,0.49566256864703173,0.34491378233027914,-1.8160432938212439,-0.7634964500692145,14
1.0316951635937113,1.310215632680141,1.5407154371084224,-0.7600319244561619,1.2901143795189296,-0.3743051181921297,0.07260614867809903,-0.17164653548813819,-0.1573803313198222,0.5385532875088825,-0.2185083370694357,-0.3710421971530383,-0.7891594563761749,0,0.6601823293337999,-0.6481753551535623,0.3749633842697951,-0.2826073044334395,1.2310580311134776,-0.5148856304808219,-0.3532468856456782,-0.19167997823848998,0.8765799282280009,-0.6218939915710208,-0.2423377175166058,-0.5458937625582472,-0.3532468856456782,-0.5316095330711949,0.6529729139662889,-0.25968097836829673,-0.3421104893438741,-1.2592288793217572,-0.25285257805588657,1.0297171749162293,0.49566256864703173,0.34491378233027914,0.5506476653955981,-0.7634964500692145,13
1.0316951635937113,0.4281306268612493,-0.2789830500314615,-0.7600319244561619,0.08365294968062233,-0.3743051181921297,-0.9745358622571536,-2.075896134322357,-1.0085456232078611,-0.5435553304269218,-0.2185083370694357,-1.7549869440054624,0.0734333641512146,1,0.6601823293337999,-0.6481753551535623,0.3749633842697951,-0.2826073044334395,-0.8123093913741105,1.9421788855636883,-0.3532468856456782,-0.19167997823848998,0.8765799282280009,-0.6218939915710208,-0.2423377175166058,1.8318582636182794,-0.3532468856456782,-0.5316095330711949,0.6529729139662889,-0.25968097836829673,-0.3421104893438741,0.7941368058034197,-0.25285257805588657,1.0297171749162293,-2.0175015489461217,0.34491378233027914,0.5506476653955981,1.3097637846375647,13
-0.6114217963383591,-0.45395437895764235,-0.2789830500314615,-0.7600319244561619,-1.122808480157685,1.3126672547710103,1.1197481596133516,-0.17164653548813819,0.6937849605682166,-0.5435553304269218,-0.9976946599159401,1.0129025496993858,1.7986190052059936,1,0.6601823293337999,-0.6481753551535623,-2.666927070618917,-0.2826073044334395,1.2310580311134776,-0.5148856304808219,-0.3532468856456782,-0.19167997823848998,0.8765799282280009,-0.6218939915710208,-0.2423377175166058,1.8318582636182794,-0.3532468856456782,-0.5316095330711949,0.6529729139662889,-0.25968097836829673,-0.3421104893438741,-1.2592288793217572,-0.25285257805588657,-0.9711404493970425,0.49566256864703173,0.34491378233027914,-1.8160432938212439,-0.7634964500692145,11
1.8532536435597464,0.4281306268612493,-0.2789830500314615,-0.7600319244561619,-1.122808480157685,-0.3743051181921297,0.07260614867809903,1.7326030633460807,0.6937849605682166,-0.5435553304269218,-0.9976946599159401,0.3209301762731737,0.5047297744149093,0,0.6601823293337999,-0.6481753551535623,0.3749633842697951,-0.2826073044334395,-0.8123093913741105,1.9421788855636883,-0.3532468856456782,-0.19167997823848998,-1.1407972824811217,-0.6218939915710208,-0.2423377175166058,1.8318582636182794,-0.3532468856456782,-0.5316095330711949,0.6529729139662889,-0.25968097836829673,-0.3421104893438741,0.7941368058034197,-0.25285257805588657,-0.9711404493970425,0.49566256864703173,-2.8992752717617685,0.5506476653955981,1.3097637846375647,11
0.210136683627676,0.4281306268612493,-0.2789830500314615,0.5767179914572501,0.08365294968062233,-0.3743051181921297,0.07260614867809903,0.7804782639289712,0.6937849605682166,-0.5435553304269218,0.5606779857770687,-1.7549869440054624,-0.35786304611248015,1,0.6601823293337999,1.5427923817978015,0.3749633842697951,-0.2826073044334395,1.2310580311134776,-0.5148856304808219,-0.3532468856456782,-0.19167997823848998,0.8765799282280009,-0.6218939915710208,-0.2423377175166058,-0.5458937625582472,-0.3532468856456782,1.8810798862519205,0.6529729139662889,-0.25968097836829673,-0.3421104893438741,-1.2592288793217572,-0.25285257805588657,-0.9711404493970425,0.49566256864703173,0.34491378233027914,0.5506476653955981,-0.7634964500692145,15
-0.6114217963383591,0.4281306268612493,-0.2789830500314615,-0.7600319244561619,0.08365294968062233,-0.3743051181921297,-3.068819884127659,-1.1237713349052476,-1.0085456232078611,-0.5435553304269218,-0.2185083370694357,-1.7549869440054624,0.9360261846786041,1,0.6601823293337999,-0.6481753551535623,0.3749633842697951,-0.2826073044334395,1.2310580311134776,-0.5148856304808219,-0.3532468856456782,-0.19167997823848998,0.8765799282280009,-0.6218939915710208,-0.2423377175166058,-0.5458937625582472,-0.3532468856456782,1.8810798862519205,0.6529729139662889,-0.25968097836829673,-0.3421104893438741,0.7941368058034197,-0.25285257805588657,-0.9711404493970425,0.49566256864703173,0.34491378233027914,0.5506476653955981,-0.7634964500692145,16
-1.4329802763043944,1.310215632680141,-0.2789830500314615,-0.7600319244561619,1.2901143795189296,-0.3743051181921297,1.1197481596133516,-0.17164653548813819,-0.1573803313198222,-0.5435553304269218,0.5606779857770687,-1.7549869440054624,0.0734333641512146,1,0.6601823293337999,-0.6481753551535623,0.3749633842697951,-0.2826073044334395,1.2310580311134776,-0.5148856304808219,-0.3532468856456782,-0.19167997823848998,0.8765799282280009,-0.6218939915710208,-0.2423377175166058,-0.5458937625582472,-0.3532468856456782,1.8810798862519205,0.6529729139662889,-0.25968097836829673,-0.3421104893438741,0.7941368058034197,-0.25285257805588657,1.0297171749162293,0.49566256864703173,0.34491378233027914,0.5506476653955981,-0.7634964500692145,15
1.8532536435597464,-2.2181243905954258,-1.1888322936014033,-0.7600319244561619,0.08365294968062233,2.9996396277341506,-0.9745358622571536,0.7804782639289712,-1.0085456232078611,-0.5435553304269218,-0.9976946599159401,1.0129025496993858,-0.7891594563761749,1,0.6601823293337999,-0.6481753551535623,0.3749633842697951,-0.2826073044334395,-0.8123093913741105,-0.5148856304808219,-0.3532468856456782,-0.19167997823848998,0.8765799282280009,-0.6218939915710208,-0.2423377175166058,-0.5458937625582472,-0.3532468856456782,-0.5316095330711949,-1.531457092034337,3.8508788987298637,-0.3421104893438741,0.7941368058034197,-0.25285257805588657,-0.9711404493970425,-2.0175015489461217,-2.8992752717617685,-1.8160432938212439,-0.7634964500692145,11
-1.4329802763043944,-0.45395437895764235,-0.2789830500314615,-0.7600319244561619,-1.122808480157685,-0.3743051181921297,0.07260614867809903,-1.1237713349052476,-1.0085456232078611,-0.5435553304269218,-0.2185083370694357,1.0129025496993858,0.9360261846786041,0,0.6601823293337999,-0.6481753551535623,0.3749633842697951,-0.2826073044334395,1.2310580311134776,-0.5148856304808219,-0.3532468856456782,-0.19167997823848998,0.8765799282280009,-0.6218939915710208,-0.2423377175166058,1.8318582636182794,-0.3532468856456782,-0.5316095330711949,0.6529729139662889,-0.25968097836829673,-0.3421104893438741,0.7941368058034197,-0.25285257805588657,-0.9711404493970425,0.49566256864703173,0.34491378233027914,0.5506476653955981,-0.7634964500692145,12
-0.6114217963383591,1.310215632680141,1.5407154371084224,-0.7600319244561619,0.08365294968062233,-0.3743051181921297,0.07260614867809903,-2.075896134322357,-0.1573803313198222,1.6206619054446871,2.1190506314700777,1.0129025496993858,0.5047297744149093,0,0.6601823293337999,1.5427923817978015,-2.666927070618917,-0.2826073044334395,-0.8123093913741105,-0.5148856304808219,2.8308812919105044,5.217028972925858,-1.1407972824811217,-0.6218939915710208,-0.2423377175166058,-0.5458937625582472,-0.3532468856456782,1.8810798862519205,0.6529729139662889,-0.25968097836829673,-0.3421104893438741,0.7941368058034197,-0.25285257805588657,-0.9711404493970425,0.49566256864703173,0.34491378233027914,-1.8160432938212439,-0.7634964500692145,10
1.0316951635937113,1.310215632680141,0.6308661935384804,0.5767179914572501,-1.122808480157685,-0.3743051181921297,-0.9745358622571536,-1.1237713349052476,0.6937849605682166,-0.5435553304269218,1.339864308623573,-1.7549869440054624,0.9360261846786041,1,0.6601823293337999,1.5427923817978015,0.3749633842697951,3.5384789575936906,-0.8123093913741105,-0.5148856304808219,-0.3532468856456782,-0.19167997823848998,-1.1407972824811217,1.6079910942278326,-0.2423377175166058,-0.5458937625582472,-0.3532468856456782,-0.5316095330711949,0.6529729139662889,-0.25968097836829673,-0.3421104893438741,0.7941368058034197,-0.25285257805588657,-0.9711404493970425,0.49566256864703173,0.34491378233027914,0.5506476653955981,-0.7634964500692145,15
0.210136683627676,-1.3360393847765342,-1.1888322936014033,-0.7600319244561619,1.2901143795189296,-0.3743051181921297,0.07260614867809903,-0.17164653548813819,0.6937849605682166,-0.5435553304269218,-0.9976946599159401,1.0129025496993858,1.7986190052059936,1,0.6601823293337999,-0.6481753551535623,0.3749633842697951,-0.2826073044334395,-0.8123093913741105,-0.5148856304808219,-0.3532468856456782,-0.19167997823848998,0.8765799282280009,-0.6218939915710208,-0.2423377175166058,-0.5458937625582472,-0.3532468856456782,1.8810798862519205,0.6529729139662889,-0.25968097836829673,-0.3421104893438741,0.7941368058034197,-0.25285257805588657,1.0297171749162293,0.49566256864703173,0.34491378233027914,-1.8160432938212439,1.3097637846375647,12
2.674812123525782,0.4281306268612493,0.6308661935384804,0.5767179914572501,0.08365294968062233,1.3126672547710103,-0.9745358622571536,-0.17164653548813819,0.6937849605682166,0.5385532875088825,1.339864308623573,-0.3710421971530383,0.9360261846786041,1,0.6601823293337999,-0.6481753551535623,0.3749633842697951,-0.2826073044334395,-0.8123093913741105,-0.5148856304808219,-0.3532468856456782,-0.19167997823848998,-1.1407972824811217,1.6079910942278326,-0.2423377175166058,-0.5458937625582472,2.8308812919105044,-0.5316095330711949,0.6529729139662889,-0.25968097836829673,-0.3421104893438741,-1.2592288793217572,-0.25285257805588657,1.0297171749162293,0.49566256864703173,0.34491378233027914,0.5506476653955981,1.3097637846375647,10
1.0316951635937113,1.310215632680141,0.6308661935384804,-0.7600319244561619,0.08365294968062233,-0.3743051181921297,0.07260614867809903,-0.17164653548813819,-1.0085456232078611,-0.5435553304269218,-0.9976946599159401,-0.3710421971530383,-0.35786304611248015,0,0.6601823293337999,-0.6481753551535623,0.3749633842697951,-0.2826073044334395,-0.8123093913741105,-0.5148856304808219,2.8308812919105044,-0.19167997823848998,0.8765799282280009,-0.6218939915710208,-0.2423377175166058,-0.5458937625582472,-0.3532468856456782,-0.5316095330711949,0.6529729139662889,-0.25968097836829673,-0.3421104893438741,0.7941368058034197,-0.25285257805588657,-0.9711404493970425,-2.0175015489461217,0.34491378233027914,0.5506476653955981,-0.7634964500692145,11
-1.4329802763043944,1.310215632680141,-2.098681537171345,0.5767179914572501,2.496575809357237,-0.3743051181921297,-0.9745358622571536,0.7804782639289712,-0.1573803313198222,-0.5435553304269218,-0.9976946599159401,-1.7549869440054624,-0.7891594563761749,0,0.6601823293337999,-0.6481753551535623,0.3749633842697951,-0.2826073044334395,-0.8123093913741105,-0.5148856304808219,2.8308812919105044,-0.19167997823848998,0.8765799282280009,-0.6218939915710208,-0.2423377175166058,-0.5458937625582472,-0.3532468856456782,-0.5316095330711949,0.6529729139662889,-0.25968097836829673,-0.3421104893438741,-1.2592288793217572,-0.25285257805588657,1.0297171749162293,0.49566256864703173,0.34491378233027914,0.5506476653955981,-0.7634964500692145,11
-0.6114217963383591,-0.45395437895764235,-1.1888322936014033,-0.7600319244561619,0.08365294968062233,-0.3743051181921297,1.1197481596133516,-0.17164653548813819,-0.1573803313198222,-0.5435553304269218,-0.9976946599159401,-1.7549869440054624,-0.7891594563761749,1,0.6601823293337999,-0.6481753551535623,0.3749633842697951,-0.2826073044334395,1.2310580311134776,-0.5148856304808219,-0.3532468856456782,-0.19167997823848998,-1.1407972824811217,1.6079910942278326,-0.2423377175166058,-0.5458937625582472,-0.3532468856456782,-0.5316095330711949,0.6529729139662889,-0.25968097836829673,-0.3421104893438741,0.7941368058034197,-0.25285257805588657,1.0297171749162293,0.49566256864703173,0.34491378233027914,0.5506476653955981,-0.7634964500692145,14
1.0316951635937113,-0.45395437895764235,-0.2789830500314615,-0.7600319244561619,0.08365294968062233,-0.3743051181921297,0.07260614867809903,0.7804782639289712,0.6937849605682166,-0.5435553304269218,0.5606779857770687,-0.3710421971530383,1.5829708000741463,0,0.6601823293337999,1.5427923817978015,0.3749633842697951,-0.2826073044334395,-0.8123093913741105,1.9421788855636883,-0.3532468856456782,-0.19167997823848998,-1.1407972824811217,1.6079910942278326,-0.2423377175166058,-0.5458937625582472,-0.3532468856456782,1.8810798862519205,0.6529729139662889,-0.25968097836829673,-0.3421104893438741,0.7941368058034197,-0.25285257805588657,1.0297171749162293,-2.0175015489461217,-2.8992752717617685,0.5506476653955981,-0.7634964500692145,12
0.210136683627676,0.4281306268612493,1.5407154371084224,-0.7600319244561619,0.08365294968062233,1.3126672547710103,1.1197481596133516,0.7804782639289712,0.6937849605682166,1.6206619054446871,1.339864308623573,1.0129025496993858,0.9360261846786041,0,0.6601823293337999,-0.6481753551535623,0.3749633842697951,-0.2826073044334395,-0.8123093913741105,1.9421788855636883,-0.3532468856456782,-0.19167997823848998,0.8765799282280009,-0.6218939915710208,-0.2423377175166058,-0.5458937625582472,2.8308812919105044,-0.5316095330711949,0.6529729139662889,-0.25968097836829673,-0.3421104893438741,0.7941368058034197,-0.25285257805588657,1.0297171749162293,-2.0175015489461217,0.34491378233027914,0.5506476653955981,1.3097637846375647,8
-1.4329802763043944,-0.45395437895764235,0.6308661935384804,0.5767179914572501,-1.122808480157685,-0.3743051181921297,-0.9745358622571536,1.7326030633460807,-1.8597109150959,-0.5435553304269218,-0.9976946599159401,1.0129025496993858,0.0734333641512146,1,0.6601823293337999,-0.6481753551535623,0.3749633842697951,-0.2826073044334395,1.2310580311134776,-0.5148856304808219,-0.3532468856456782,-0.19167997823848998,0.8765799282280009,-0.6218939915710208,-0.2423377175166058,-0.5458937625582472,2.8308812919105044,-0.5316095330711949,-1.531457092034337,-0.25968097836829673,-0.3421104893438741,0.7941368058034197,-0.25285257805588657,1.0297171749162293,0.49566256864703173,0.34491378233027914,-1.8160432938212439,-0.7634964500692145,11
0.210136683627676,0.4281306268612493,1.5407154371084224,-0.7600319244561619,1.2901143795189296,-0.3743051181921297,0.07260614867809903,0.7804782639289712,1.5449502524562555,-0.5435553304269218,0.5606779857770687,1.0129025496993858,0.9360261846786041,1,0.6601823293337999,-0.6481753551535623,0.3749633842697951,-0.2826073044334395,-0.8123093913741105,1.9421788855636883,-0.3532468856456782,-0.19167997823848998,0.8765799282280009,-0.6218939915710208,-0.2423377175166058,-0.5458937625582472,-0.3532468856456782,-0.5316095330711949,0.6529729139662889,-0.25968097836829673,-0.3421104893438741,-1.2592288793217572,-0.25285257805588657,-0.9711404493970425,0.49566256864703173,0.34491378233027914,0.5506476653955981,-0.7634964500692145,14
0.210136683627676,-0.45395437895764235,-0.2789830500314615,-0.7600319244561619,1.2901143795189296,-0.3743051181921297,-0.9745358622571536,-0.17164653548813819,-1.0085456232078611,0.5385532875088825,-0.2185083370694357,-0.3710421971530383,-0.7891594563761749,1,-1.5147330601973477,1.5427923817978015,0.3749633842697951,-0.2826073044334395,-0.8123093913741105,1.9421788855636883,-0.3532468856456782,-0.19167997823848998,-1.1407972824811217,1.6079910942278326,-0.2423377175166058,-0.5458937625582472,-0.3532468856456782,-0.5316095330711949,0.6529729139662889,-0.25968097836829673,-0.3421104893438741,0.7941368058034197,-0.25285257805588657,1.0297171749162293,0.49566256864703173,0.34491378233027914,0.5506476653955981,-0.7634964500692145,10
0.210136683627676,-0.45395437895764235,-1.1888322936014033,1.913467907370662,0.08365294968062233,-0.3743051181921297,-2.0216778731924063,-2.075896134322357,-1.8597109150959,-0.5435553304269218,-0.9976946599159401,-0.3710421971530383,-0.35786304611248015,1,-1.5147330601973477,-0.6481753551535623,0.3749633842697951,-0.2826073044334395,-0.8123093913741105,-0.5148856304808219,-0.3532468856456782,-0.19167997823848998,-1.1407972824811217,1.6079910942278326,-0.2423377175166058,-0.5458937625582472,-0.3532468856456782,-0.5316095330711949,0.6529729139662889,-0.25968097836829673,-0.3421104893438741,-1.2592288793217572,-0.25285257805588657,1.0297171749162293,0.49566256864703173,0.34491378233027914,-1.8160432938212439,-0.7634964500692145,13
-0.6114217963383591,-1.3360393847765342,-1.1888322936014033,0.5767179914572501,-1.122808480157685,-0.3743051181921297,-0.9745358622571536,0.7804782639289712,0.6937849605682166,1.6206619054446871,1.339864308623573,1.0129025496993858,0.5047297744149093,0,-1.5147330601973477,-0.6481753551535623,0.3749633842697951,-0.2826073044334395,-0.8123093913741105,-0.5148856304808219,-0.3532468856456782,-0.19167997823848998,0.8765799282280009,-0.6218939915710208,-0.2423377175166058,-0.5458937625582472,2.8308812919105044,-0.5316095330711949,-1.531457092034337,-0.25968097836829673,-0.3421104893438741,-1.2592288793217572,-0.25285257805588657,1.0297171749162293,0.49566256864703173,0.34491378233027914,-1.8160432938212439,-0.7634964500692145,11
-0.6114217963383591,0.4281306268612493,0.6308661935384804,-0.7600319244561619,-1.122808480157685,-0.3743051181921297,0.07260614867809903,1.7326030633460807,0.6937849605682166,-0.5435553304269218,-0.9976946599159401,0.3209301762731737,-0.7891594563761749,1,0.6601823293337999,-0.6481753551535623,0.3749633842697951,-0.2826073044334395,1.2310580311134776,-0.5148856304808219,-0.3532468856456782,-0.19167997823848998,0.8765799282280009,-0.6218939915710208,-0.2423377175166058,-0.5458937625582472,-0.3532468856456782,1.8810798862519205,0.6529729139662889,-0.25968097836829673,-0.3421104893438741,-1.2592288793217572,-0.25285257805588657,1.0297171749162293,0.49566256864703173,-2.8992752717617685,0.5506476653955981,1.3097637846375647,13
-0.6114217963383591,-1.3360393847765342,-1.1888322936014033,0.5767179914572501,-1.122808480157685,-0.3743051181921297,0.07260614867809903,-0.17164653548813819,-1.0085456232078611,-0.5435553304269218,1.339864308623573,1.0129025496993858,-0.35786304611248015,1,0.6601823293337999,-0.6481753551535623,0.3749633842697951,-0.2826073044334395,-0.8123093913741105,-0.5148856304808219,-0.3532468856456782,-0.19167997823848998,0.8765799282280009,-0.6218939915710208,-0.2423377175166058,1.8318582636182794,-0.3532468856456782,-0.5316095330711949,0.6529729139662889,-0.25968097836829673,-0.3421104893438741,0.7941368058034197,-0.25285257805588657,-0.9711404493970425,0.49566256864703173,0.34491378233027914,-1.8160432938212439,-0.7634964500692145,13
-1.4329802763043944,-0.45395437895764235,-0.2789830500314615,1.913467907370662,-1.122808480157685,-0.3743051181921297,0.07260614867809903,-0.17164653548813819,-0.1573803313198222,-0.5435553304269218,-0.2185083370694357,0.3209301762731737,-0.5735112512443276,0,0.6601823293337999,-0.6481753551535623,0.3749633842697951,3.5384789575936906,-0.8123093913741105,-0.5148856304808219,-0.3532468856456782,-0.19167997823848998,0.8765799282280009,-0.6218939915710208,-0.2423377175166058,-0.5458937625582472,-0.3532468856456782,1.8810798862519205,0.6529729139662889,-0.25968097836829673,-0.3421104893438741,-1.2592288793217572,-0.25285257805588657,-0.9711404493970425,0.49566256864703173,0.34491378233027914,-1.8160432938212439,-0.7634964500692145,13
1.0316951635937113,1.310215632680141,0.6308661935384804,-0.7600319244561619,-1.122808480157685,-0.3743051181921297,1.1197481596133516,0.7804782639289712,0.6937849605682166,1.6206619054446871,1.339864308623573,-1.0630145705792504,0.9360261846786041,1,-1.5147330601973477,-0.6481753551535623,-2.666927070618917,-0.2826073044334395,-0.8123093913741105,1.9421788855636883,-0.3532468856456782,-0.19167997823848998,-1.1407972824811217,1.6079910942278326,-0.2423377175166058,-0.5458937625582472,-0.3532468856456782,-0.5316095330711949,0.6529729139662889,-0.25968097836829673,-0.3421104893438741,0.7941368058034197,-0.25285257805588657,-0.9711404493970425,0.49566256864703173,0.34491378233027914,0.5506476653955981,-0.7634964500692145,10
-0.6114217963383591,1.310215632680141,0.6308661935384804,-0.7600319244561619,-1.122808480157685,-0.3743051181921297,0.07260614867809903,-1.1237713349052476,1.5449502524562555,-0.5435553304269218,2.1190506314700777,1.0129025496993858,0.9360261846786041,0,0.6601823293337999,1.5427923817978015,0.3749633842697951,-0.2826073044334395,1.2310580311134776,-0.5148856304808219,-0.3532468856456782,-0.19167997823848998,0.8765799282280009,-0.6218939915710208,-0.2423377175166058,-0.5458937625582472,-0.3532468856456782,-0.5316095330711949,-1.531457092034337,-0.25968097836829673,-0.3421104893438741,-1.2592288793217572,-0.25285257805588657,1.0297171749162293,0.49566256864703173,0.34491378233027914,0.5506476653955981,-0.7634964500692145,13
1.0316951635937113,-0.45395437895764235,-0.2789830500314615,0.5767179914572501,1.2901143795189296,-0.3743051181921297,0.07260614867809903,-1.1237713349052476,-1.8597109150959,-0.5435553304269218,-0.9976946599159401,0.3209301762731737,0.28908156928306195,1,-1.5147330601973477,-0.6481753551535623,0.3749633842697951,-0.2826073044334395,-0.8123093913741105,1.9421788855636883,-0.3532468856456782,-0.19167997823848998,0.8765799282280009,-0.6218939915710208,-0.2423377175166058,1.8318582636182794,-0.3532468856456782,-0.5316095330711949,0.6529729139662889,-0.25968097836829673,-0.3421104893438741,-1.2592288793217572,-0.25285257805588657,-0.9711404493970425,0.49566256864703173,0.34491378233027914,0.5506476653955981,1.3097637846375647,15
0.210136683627676,1.310215632680141,0.6308661935384804,-0.7600319244561619,0.08365294968062233,-0.3743051181921297,-0.9745358622571536,-1.1237713349052476,-0.1573803313198222,-0.5435553304269218,-0.2185083370694357,-0.3710421971530383,-0.7891594563761749,1,0.6601823293337999,1.5427923817978015,0.3749633842697951,3.5384789575936906,-0.8123093913741105,-0.5148856304808219,-0.3532468856456782,-0.19167997823848998,0.8765799282280009,-0.6218939915710208,-0.2423377175166058,-0.5458937625582472,-0.3532468856456782,1.8810798862519205,-1.531457092034337,-0.25968097836829673,-0.3421104893438741,-1.2592288793217572,-0.25285257805588657,1.0297171749162293,0.49566256864703173,0.34491378233027914,0.5506476653955981,1.3097637846375647,12
0.210136683627676,1.310215632680141,0.6308661935384804,0.5767179914572501,1.2901143795189296,-0.3743051181921297,0.07260614867809903,0.7804782639289712,-1.0085456232078611,-0.5435553304269218,-0.9976946599159401,0.3209301762731737,-0.7891594563761749,1,-1.5147330601973477,-0.6481753551535623,0.3749633842697951,-0.2826073044334395,-0.8123093913741105,-0.5148856304808219,2.8308812919105044,-0.19167997823848998,0.8765799282280009,-0.6218939915710208,-0.2423377175166058,-0.5458937625582472,-0.3532468856456782,1.8810798862519205,0.6529729139662889,-0.25968097836829673,-0.3421104893438741,0.7941368058034197,-0.25285257805588657,1.0297171749162293,0.49566256864703173,0.34491378233027914,0.5506476653955981,1.3097637846375647,12
-0.6114217963383591,0.4281306268612493,-1.1888322936014033,-0.7600319244561619,2.496575809357237,-0.3743051181921297,0.07260614867809903,-0.17164653548813819,-0.1573803313198222,-0.5435553304269218,-0.2185083370694357,1.0129025496993858,-0.7891594563761749,1,0.6601823293337999,-0.6481753551535623,0.3749633842697951,-0.2826073044334395,-0.8123093913741105,1.9421788855636883,-0.3532468856456782,-0.19167997823848998,0.8765799282280009,-0.6218939915710208,-0.2423377175166058,-0.5458937625582472,-0.3532468856456782,-0.5316095330711949,0.6529729139662889,-0.25968097836829673,2.9230322692469244,0.7941368058034197,-0.25285257805588657,-0.9711404493970425,0.49566256864703173,0.34491378233027914,0.5506476653955981,-0.7634964500692145,10
1.0316951635937113,0.4281306268612493,0.6308661935384804,0.5767179914572501,0.08365294968062233,-0.3743051181921297,0.07260614867809903,-0.17164653548813819,-1.0085456232078611,-0.5435553304269218,0.5606779857770687,-0.3710421971530383,0.5047297744149093,1,0.6601823293337999,-0.6481753551535623,0.3749633842697951,-0.2826073044334395,-0.8123093913741105,1.9421788855636883,-0.3532468856456782,-0.19167997823848998,-1.1407972824811217,1.6079910942278326,-0.2423377175166058,-0.5458937625582472,2.8308812919105044,-0.5316095330711949,0.6529729139662889,-0.25968097836829673,-0.3421104893438741,0.7941368058034197,-0.25285257805588657,-0.9711404493970425,0.49566256864703173,0.34491378233027914,0.5506476653955981,1.3097637846375647,13
0.210136683627676,0.4281306268612493,-0.2789830500314615,0.5767179914572501,0.08365294968062233,-0.3743051181921297,0.07260614867809903,-2.075896134322357,-1.0085456232078611,0.5385532875088825,-0.2185083370694357,-1.7549869440054624,-0.7891594563761749,0,0.6601823293337999,-0.6481753551535623,0.3749633842697951,-0.2826073044334395,1.2310580311134776,-0.5148856304808219,-0.3532468856456782,-0.19167997823848998,0.8765799282280009,-0.6218939915710208,-0.2423377175166058,-0.5458937625582472,2.8308812919105044,-0.5316095330711949,-1.531457092034337,-0.25968097836829673,-0.3421104893438741,0.7941368058034197,3.9548736567715594,-0.9711404493970425,0.49566256864703173,0.34491378233027914,0.5506476653955981,-0.7634964500692145,13
1.0316951635937113,1.310215632680141,1.5407154371084224,0.5767179914572501,0.08365294968062233,-0.3743051181921297,0.07260614867809903,-0.17164653548813819,0.6937849605682166,-0.5435553304269218,-0.9976946599159401,-0.3710421971530383,0.0734333641512146,1,0.6601823293337999,-0.6481753551535623,-2.666927070618917,-0.2826073044334395,-0.8123093913741105,-0.5148856304808219,-0.3532468856456782,-0.19167997823848998,-1.1407972824811217,-0.6218939915710208,4.126472801046648,-0.5458937625582472,-0.3532468856456782,-0.5316095330711949,0.6529729139662889,-0.25968097836829673,2.9230322692469244,-1.2592288793217572,-0.25285257805588657,-0.9711404493970425,0.49566256864703173,0.34491378233027914,-1.8160432938212439,-0.7634964500692145,11
0.210136683627676,1.310215632680141,1.5407154371084224,-0.7600319244561619,1.2901143795189296,-0.3743051181921297,0.07260614867809903,0.7804782639289712,-0.1573803313198222,-0.5435553304269218,-0.2185083370694357,1.0129025496993858,-0.7891594563761749,0,0.6601823293337999,1.5427923817978015,0.3749633842697951,-0.2826073044334395,1.2310580311134776,-0.5148856304808219,-0.3532468856456782,-0.19167997823848998,-1.1407972824811217,1.6079910942278326,-0.2423377175166058,1.8318582636182794,-0.3532468856456782,-0.5316095330711949,0.6529729139662889,-0.25968097836829673,-0.3421104893438741,0.7941368058034197,-0.25285257805588657,-0.9711404493970425,0.49566256864703173,0.34491378233027914,0.5506476653955981,-0.7634964500692145,16
1.0316951635937113,-1.3360393847765342,-0.2789830500314615,0.5767179914572501,0.08365294968062233,-0.3743051181921297,0.07260614867809903,-2.075896134322357,-1.8597109150959,-0.5435553304269218,-0.9976946599159401,0.3209301762731737,-0.7891594563761749,1,0.6601823293337999,-0.6481753551535623,0.3749633842697951,-0.2826073044334395,-0.8123093913741105,-0.5148856304808219,-0.3532468856456782,-0.19167997823848998,-1.1407972824811217,-0.6218939915710208,-0.2423377175166058,-0.5458937625582472,-0.3532468856456782,-0.5316095330711949,-1.531457092034337,-0.25968097836829673,-0.3421104893438741,0.7941368058034197,-0.25285257805588657,-0.9711404493970425,0.49566256864703173,-2.8992752717617685,-1.8160432938212439,-0.7634964500692145,12
-0.6114217963383591,-1.3360393847765342,-1.1888322936014033,-0.7600319244561619,-1.122808480157685,-0.3743051181921297,-0.9745358622571536,0.7804782639289712,0.6937849605682166,1.6206619054446871,0.5606779857770687,-1.7549869440054624,0.0734333641512146,1,0.6601823293337999,1.5427923817978015,0.3749633842697951,-0.2826073044334395,-0.8123093913741105,-0.5148856304808219,-0.3532468856456782,-0.19167997823848998,-1.1407972824811217,-0.6218939915710208,-0.2423377175166058,-0.5458937625582472,-0.3532468856456782,-0.5316095330711949,0.6529729139662889,-0.25968097836829673,-0.3421104893438741,-1.2592288793217572,-0.25285257805588657,-0.9711404493970425,0.49566256864703173,0.34491378233027914,0.5506476653955981,-0.7634964500692145,11
0.210136683627676,1.310215632680141,1.5407154371084224,-0.7600319244561619,0.08365294968062233,-0.3743051181921297,1.1197481596133516,-0.17164653548813819,-1.8597109150959,-0.5435553304269218,1.339864308623573,1.0129025496993858,-0.35786304611248015,1,0.6601823293337999,-0.6481753551535623,0.3749633842697951,-0.2826073044334395,-0.8123093913741105,-0.5148856304808219,2.8308812919105044,-0.19167997823848998,-1.1407972824811217,1.6079910942278326,-0.2423377175166058,-0.5458937625582472,-0.3532468856456782,-0.5316095330711949,0.6529729139662889,-0.25968097836829673,-0.3421104893438741,0.7941368058034197,3.9548736567715594,-0.9711404493970425,0.49566256864703173,0.34491378233027914,0.5506476653955981,1.3097637846375647,12
0.210136683627676,-0.45395437895764235,-0.2789830500314615,-0.7600319244561619,0.08365294968062233,-0.3743051181921297,-0.9745358622571536,-0.17164653548813819,-1.8597109150959,-0.5435553304269218,-0.2185083370694357,0.3209301762731737,3.092508235997078,1,0.6601823293337999,-0.6481753551535623,-2.666927070618917,-0.2826073044334395,-0.8123093913741105,-0.5148856304808219,-0.3532468856456782,-0.19167997823848998,-1.1407972824811217,-0.6218939915710208,-0.2423377175166058,1.8318582636182794,-0.3532468856456782,-0.5316095330711949,-1.531457092034337,-0.25968097836829673,-0.3421104893438741,0.7941368058034197,-0.25285257805588657,-0.9711404493970425,0.49566256864703173,0.34491378233027914,0.5506476653955981,1.3097637846375647,14
-0.6114217963383591,1.310215632680141,1.5407154371084224,-0.7600319244561619,0.08365294968062233,-0.3743051181921297,0.07260614867809903,-0.17164653548813819,-1.8597109150959,-0.5435553304269218,-0.9976946599159401,-0.3710421971530383,-0.7891594563761749,0,0.6601823293337999,-0.6481753551535623,0.3749633842697951,-0.2826073044334395,1.2310580311134776,-0.5148856304808219,-0.3532468856456782,-0.19167997823848998,-1.1407972824811217,-0.6218939915710208,4.126472801046648,-0.5458937625582472,-0.3532468856456782,-0.5316095330711949,-1.531457092034337,-0.25968097836829673,-0.3421104893438741,0.7941368058034197,-0.25285257805588657,1.0297171749162293,0.49566256864703173,0.34491378233027914,-1.8160432938212439,1.3097637846375647,13
1.0316951635937113,-0.45395437895764235,-0.2789830500314615,-0.7600319244561619,1.2901143795189296,-0.3743051181921297,0.07260614867809903,-0.17164653548813819,-0.1573803313198222,-0.5435553304269218,-0.2185083370694357,-1.0630145705792504,-0.7891594563761749,1,0.6601823293337999,-0.6481753551535623,0.3749633842697951,-0.2826073044334395,-0.8123093913741105,-0.5148856304808219,-0.3532468856456782,-0.19167997823848998,-1.1407972824811217,-0.6218939915710208,-0.2423377175166058,-0.5458937625582472,2.8308812919105044,-0.5316095330711949,0.6529729139662889,-0.25968097836829673,-0.3421104893438741,0.7941368058034197,-0.25285257805588657,-0.9711404493970425,0.49566256864703173,0.34491378233027914,0.5506476653955981,-0.7634964500692145,18
-0.6114217963383591,-1.3360393847765342,-1.1888322936014033,0.5767179914572501,-1.122808480157685,-0.3743051181921297,0.07260614867809903,-1.1237713349052476,-1.0085456232078611,2.702770523380491,0.5606779857770687,-1.0630145705792504,-0.7891594563761749,1,-1.5147330601973477,-0.6481753551535623,0.3749633842697951,-0.2826073044334395,-0.8123093913741105,-0.5148856304808219,-0.3532468856456782,-0.19167997823848998,0.8765799282280009,-0.6218939915710208,-0.2423377175166058,-0.5458937625582472,2.8308812919105044,-0.5316095330711949,0.6529729139662889,-0.25968097836829673,-0.3421104893438741,-1.2592288793217572,-0.25285257805588657,1.0297171749162293,0.49566256864703173,0.34491378233027914,0.5506476653955981,1.3097637846375647,14
1.0316951635937113,0.4281306268612493,0.6308661935384804,-0.7600319244561619,0.08365294968062233,-0.3743051181921297,1.1197481596133516,-0.17164653548813819,0.6937849605682166,-0.5435553304269218,-0.9976946599159401,0.3209301762731737,0.9360261846786041,1,0.6601823293337999,-0.6481753551535623,0.3749633842697951,-0.2826073044334395,-0.8123093913741105,1.9421788855636883,-0.3532468856456782,-0.19167997823848998,-1.1407972824811217,1.6079910942278326,-0.2423377175166058,1.8318582636182794,-0.3532468856456782,-0.5316095330711949,0.6529729139662889,-0.25968097836829673,-0.3421104893438741,-1.2592288793217572,-0.25285257805588657,1.0297171749162293,0.49566256864703173,0.34491378233027914,0.5506476653955981,-0.7634964500692145,12
-0.6114217963383591,-0.45395437895764235,-0.2789830500314615,-0.7600319244561619,-1.122808480157685,-0.3743051181921297,0.07260614867809903,-0.17164653548813819,0.6937849605682166,-0.5435553304269218,-0.2185083370694357,-1.7549869440054624,0.5047297744149093,1,0.6601823293337999,1.5427923817978015,-2.666927070618917,-0.2826073044334395,1.2310580311134776,-0.5148856304808219,-0.3532468856456782,-0.19167997823848998,0.8765799282280009,-0.6218939915710208,-0.2423377175166058,1.8318582636182794,-0.3532468856456782,-0.5316095330711949,0.6529729139662889,-0.25968097836829673,-0.3421104893438741,0.7941368058034197,-0.25285257805588657,-0.9711404493970425,0.49566256864703173,-2.8992752717617685,-1.8160432938212439,-0.7634964500692145,8
0.210136683627676,-0.45395437895764235,0.6308661935384804,0.5767179914572501,-1.122808480157685,-0.3743051181921297,1.1197481596133516,1.7326030633460807,1.5449502524562555,-0.5435553304269218,0.5606779857770687,-0.3710421971530383,-0.35786304611248015,1,-1.5147330601973477,-0.6481753551535623,0.3749633842697951,-0.2826073044334395,1.2310580311134776,-0.5148856304808219,-0.3532468856456782,-0.19167997823848998,0.8765799282280009,-0.6218939915710208,-0.2423377175166058,-0.5458937625582472,-0.3532468856456782,-0.5316095330711949,0.6529729139662889,-0.25968097836829673,-0.3421104893438741,0.7941368058034197,-0.25285257805588657,-0.9711404493970425,0.49566256864703173,0.34491378233027914,0.5506476653955981,-0.7634964500692145,12
-1.4329802763043944,1.310215632680141,-0.2789830500314615,-0.7600319244561619,1.2901143795189296,-0.3743051181921297,-0.9745358622571536,-1.1237713349052476,-1.0085456232078611,-0.5435553304269218,-0.9976946599159401,1.0129025496993858,-0.7891594563761749,1,0.6601823293337999,-0.6481753551535623,0.3749633842697951,3.5384789575936906,-0.8123093913741105,-0.5148856304808219,-0.3532468856456782,-0.19167997823848998,-1.1407972824811217,1.6079910942278326,-0.2423377175166058,1.8318582636182794,-0.3532468856456782,-0.5316095330711949,0.6529729139662889,-0.25968097836829673,-0.3421104893438741,0.7941368058034197,-0.25285257805588657,1.0297171749162293,0.49566256864703173,0.34491378233027914,0.5506476653955981,1.3097637846375647,14
-0.6114217963383591,1.310215632680141,1.5407154371084224,-0.7600319244561619,0.08365294968062233,-0.3743051181921297,0.07260614867809903,-1.1237713349052476,0.6937849605682166,0.5385532875088825,1.339864308623573,-1.7549869440054624,-0.7891594563761749,0,0.6601823293337999,-0.6481753551535623,0.3749633842697951,3.5384789575936906,-0.8123093913741105,-0.5148856304808219,-0.3532468856456782,-0.19167997823848998,0.8765799282280009,-0.6218939915710208,-0.2423377175166058,-0.5458937625582472,-0.3532468856456782,1.8810798862519205,-1.531457092034337,-0.25968097836829673,-0.3421104893438741,0.7941368058034197,-0.25285257805588657,1.0297171749162293,0.49566256864703173,0.34491378233027914,0.5506476653955981,-0.7634964500692145,14
-1.4329802763043944,-1.3360393847765342,-0.2789830500314615,-0.7600319244561619,0.08365294968062233,-0.3743051181921297,0.07260614867809903,-0.17164653548813819,-1.0085456232078611,-0.5435553304269218,-0.9976946599159401,1.0129025496993858,0.5047297744149093,1,0.6601823293337999,-0.6481753551535623,0.3749633842697951,-0.2826073044334395,-0.8123093913741105,-0.5148856304808219,-0.3532468856456782,-0.19167997823848998,0.8765799282280009,-0.6218939915710208,-0.2423377175166058,-0.5458937625582472,-0.3532468856456782,-0.5316095330711949,0.6529729139662889,-0.25968097836829673,-0.3421104893438741,0.7941368058034197,-0.25285257805588657,-0.9711404493970425,-2.0175015489461217,0.34491378233027914,0.5506476653955981,-0.7634964500692145,13
-1.4329802763043944,-1.3360393847765342,-0.2789830500314615,0.5767179914572501,-1.122808480157685,-0.3743051181921297,0.07260614867809903,0.7804782639289712,0.6937849605682166,0.5385532875088825,1.339864308623573,1.0129025496993858,-0.35786304611248015,0,0.6601823293337999,1.5427923817978015,0.3749633842697951,-0.2826073044334395,1.2310580311134776,-0.5148856304808219,-0.3532468856456782,-0.19167997823848998,0.8765799282280009,-0.6218939915710208,-0.2423377175166058,-0.5458937625582472,-0.3532468856456782,-0.5316095330711949,0.6529729139662889,-0.25968097836829673,-0.3421104893438741,-1.2592288793217572,-0.25285257805588657,1.0297171749162293,0.49566256864703173,0.34491378233027914,-1.8160432938212439,-0.7634964500692145,10
-1.4329802763043944,1.310215632680141,1.5407154371084224,-0.7600319244561619,1.2901143795189296,-0.3743051181921297,0.07260614867809903,-1.1237713349052476,-1.0085456232078611,-0.5435553304269218,-0.9976946599159401,1.0129025496993858,-0.35786304611248015,1,0.6601823293337999,-0.6481753551535623,0.3749633842697951,-0.2826073044334395,-0.8123093913741105,-0.5148856304808219,2.8308812919105044,-0.19167997823848998,-1.1407972824811217,1.6079910942278326,-0.2423377175166058,-0.5458937625582472,-0.3532468856456782,-0.5316095330711949,0.6529729139662889,-0.25968097836829673,-0.3421104893438741,0.7941368058034197,-0.25285257805588657,1.0297171749162293,0.49566256864703173,0.34491378233027914,0.5506476653955981,-0.7634964500692145,13
-0.6114217963383591,-0.45395437895764235,-1.1888322936014033,-0.7600319244561619,0.08365294968062233,-0.3743051181921297,0.07260614867809903,-0.17164653548813819,1.5449502524562555,-0.5435553304269218,-0.9976946599159401,1.0129025496993858,-0.7891594563761749,1,0.6601823293337999,-0.6481753551535623,0.3749633842697951,-0.2826073044334395,1.2310580311134776,-0.5148856304808219,-0.3532468856456782,-0.19167997823848998,0.8765799282280009,-0.6218939915710208,-0.2423377175166058,-0.5458937625582472,-0.3532468856456782,-0.5316095330711949,0.6529729139662889,-0.25968097836829673,-0.3421104893438741,0.7941368058034197,-0.25285257805588657,-0.9711404493970425,0.49566256864703173,0.34491378233027914,-1.8160432938212439,1.3097637846375647,12
1.8532536435597464,-1.3360393847765342,-1.1888322936014033,0.5767179914572501,-1.122808480157685,1.3126672547710103,1.1197481596133516,1.7326030633460807,1.5449502524562555,0.5385532875088825,0.5606779857770687,-1.0630145705792504,-0.7891594563761749,1,0.6601823293337999,-0.6481753551535623,0.3749633842697951,-0.2826073044334395,-0.8123093913741105,-0.5148856304808219,-0.3532468856456782,-0.19167997823848998,-1.1407972824811217,1.6079910942278326,-0.2423377175166058,-0.5458937625582472,2.8308812919105044,-0.5316095330711949,-1.531457092034337,-0.25968097836829673,-0.3421104893438741,-1.2592288793217572,-0.25285257805588657,-0.9711404493970425,0.49566256864703173,-2.8992752717617685,-1.8160432938212439,-0.7634964500692145,0
-1.4329802763043944,-0.45395437895764235,-0.2789830500314615,-0.7600319244561619,2.496575809357237,-0.3743051181921297,1.1197481596133516,1.7326030633460807,0.6937849605682166,-0.5435553304269218,-0.2185083370694357,1.0129025496993858,0.5047297744149093,0,0.6601823293337999,-0.6481753551535623,0.3749633842697951,-0.2826073044334395,-0.8123093913741105,1.9421788855636883,-0.3532468856456782,-0.19167997823848998,-1.1407972824811217,1.6079910942278326,-0.2423377175166058,1.8318582636182794,-0.3532468856456782,-0.5316095330711949,-1.531457092034337,-0.25968097836829673,-0.3421104893438741,0.7941368058034197,-0.25285257805588657,1.0297171749162293,0.49566256864703173,0.34491378233027914,0.5506476653955981,-0.7634964500692145,13
0.210136683627676,-0.45395437895764235,-1.1888322936014033,0.5767179914572501,0.08365294968062233,-0.3743051181921297,0.07260614867809903,-0.17164653548813819,0.6937849605682166,0.5385532875088825,-0.2185083370694357,-1.7549869440054624,1.367322594942299,1,0.6601823293337999,-0.6481753551535623,0.3749633842697951,-0.2826073044334395,-0.8123093913741105,1.9421788855636883,-0.3532468856456782,-0.19167997823848998,0.8765799282280009,-0.6218939915710208,-0.2423377175166058,-0.5458937625582472,-0.3532468856456782,-0.5316095330711949,0.6529729139662889,-0.25968097836829673,-0.3421104893438741,0.7941368058034197,-0.25285257805588657,1.0297171749162293,0.49566256864703173,0.34491378233027914,0.5506476653955981,1.3097637846375647,15
0.210136683627676,-0.45395437895764235,-0.2789830500314615,0.5767179914572501,-1.122808480157685,-0.3743051181921297,0.07260614867809903,0.7804782639289712,0.6937849605682166,0.5385532875088825,0.5606779857770687,0.3209301762731737,0.9360261846786041,0,0.6601823293337999,-0.6481753551535623,0.3749633842697951,-0.2826073044334395,1.2310580311134776,-0.5148856304808219,-0.3532468856456782,-0.19167997823848998,0.8765799282280009,-0.6218939915710208,-0.2423377175166058,1.8318582636182794,-0.3532468856456782,-0.5316095330711949,-1.531457092034337,-0.25968097836829673,-0.3421104893438741,-1.2592288793217572,-0.25285257805588657,-0.9711404493970425,0.49566256864703173,-2.8992752717617685,0.5506476653955981,-0.7634964500692145,9
1.0316951635937113,0.4281306268612493,-0.2789830500314615,1.913467907370662,-1.122808480157685,-0.3743051181921297,0.07260614867809903,0.7804782639289712,-1.8597109150959,1.6206619054446871,1.339864308623573,1.0129025496993858,0.0734333641512146,0,-1.5147330601973477,1.5427923817978015,0.3749633842697951,-0.2826073044334395,-0.8123093913741105,1.9421788855636883,-0.3532468856456782,-0.19167997823848998,0.8765799282280009,-0.6218939915710208,-0.2423377175166058,-0.5458937625582472,-0.3532468856456782,-0.5316095330711949,0.6529729139662889,-0.25968097836829673,-0.3421104893438741,-1.2592288793217572,-0.25285257805588657,-0.9711404493970425,-2.0175015489461217,0.34491378233027914,0.5506476653955981,-0.7634964500692145,11
-0.6114217963383591,-0.45395437895764235,-1.1888322936014033,-0.7600319244561619,-1.122808480157685,-0.3743051181921297,1.1197481596133516,0.7804782639289712,-0.1573803313198222,-0.5435553304269218,-0.9976946599159401,1.0129025496993858,-0.35786304611248015,1,-1.5147330601973477,1.5427923817978015,0.3749633842697951,-0.2826073044334395,1.2310580311134776,-0.5148856304808219,-0.3532468856456782,-0.19167997823848998,0.8765799282280009,-0.6218939915710208,-0.2423377175166058,1.8318582636182794,-0.3532468856456782,-0.5316095330711949,0.6529729139662889,-0.25968097836829673,-0.3421104893438741,0.7941368058034197,-0.25285257805588657,-0.9711404493970425,0.49566256864703173,0.34491378233027914,0.5506476653955981,1.3097637846375647,8
-0.6114217963383591,-0.45395437895764235,0.6308661935384804,0.5767179914572501,0.08365294968062233,-0.3743051181921297,0.07260614867809903,1.7326030633460807,-1.0085456232078611,-0.5435553304269218,-0.2185083370694357,1.0129025496993858,-0.7891594563761749,1,-1.5147330601973477,-0.6481753551535623,0.3749633842697951,-0.2826073044334395,-0.8123093913741105,-0.5148856304808219,-0.3532468856456782,-0.19167997823848998,-1.1407972824811217,1.6079910942278326,-0.2423377175166058,-0.5458937625582472,-0.3532468856456782,-0.5316095330711949,0.6529729139662889,-0.25968097836829673,-0.3421104893438741,-1.2592288793217572,-0.25285257805588657,-0.9711404493970425,0.49566256864703173,0.34491378233027914,-1.8160432938212439,-0.7634964500692145,17
1.8532536435597464,-0.45395437895764235,0.6308661935384804,-0.7600319244561619,-1.122808480157685,1.3126672547710103,0.07260614867809903,0.7804782639289712,0.6937849605682166,-0.5435553304269218,-0.9976946599159401,-1.0630145705792504,-0.7891594563761749,1,0.6601823293337999,-0.6481753551535623,0.3749633842697951,-0.2826073044334395,-0.8123093913741105,-0.5148856304808219,-0.3532468856456782,-0.19167997823848998,-1.1407972824811217,1.6079910942278326,-0.2423377175166058,-0.5458937625582472,-0.3532468856456782,-0.5316095330711949,-1.531457092034337,3.8508788987298637,-0.3421104893438741,-1.2592288793217572,-0.25285257805588657,-0.9711404493970425,0.49566256864703173,-2.8992752717617685,0.5506476653955981,1.3097637846375647,10
-1.4329802763043944,-0.45395437895764235,-1.1888322936014033,0.5767179914572501,-1.122808480157685,-0.3743051181921297,-3.068819884127659,-0.17164653548813819,0.6937849605682166,-0.5435553304269218,-0.9976946599159401,-1.7549869440054624,-0.7891594563761749,1,-1.5147330601973477,1.5427923817978015,0.3749633842697951,-0.2826073044334395,-0.8123093913741105,-0.5148856304808219,-0.3532468856456782,-0.19167997823848998,0.8765799282280009,-0.6218939915710208,-0.2423377175166058,1.8318582636182794,-0.3532468856456782,-0.5316095330711949,0.6529729139662889,-0.25968097836829673,-0.3421104893438741,-1.2592288793217572,-0.25285257805588657,-0.9711404493970425,0.49566256864703173,-2.8992752717617685,-1.8160432938212439,-0.7634964500692145,9
0.210136683627676,1.310215632680141,1.5407154371084224,0.5767179914572501,0.08365294968062233,-0.3743051181921297,0.07260614867809903,-2.075896134322357,0.6937849605682166,-0.5435553304269218,-0.9976946599159401,-1.7549869440054624,-0.35786304611248015,1,0.6601823293337999,-0.6481753551535623,-2.666927070618917,-0.2826073044334395,1.2310580311134776,-0.5148856304808219,-0.3532468856456782,-0.19167997823848998,-1.1407972824811217,-0.6218939915710208,4.126472801046648,1.8318582636182794,-0.3532468856456782,-0.5316095330711949,0.6529729139662889,-0.25968097836829673,2.9230322692469244,0.7941368058034197,-0.25285257805588657,-0.9711404493970425,0.49566256864703173,0.34491378233027914,-1.8160432938212439,-0.7634964500692145,13
-1.4329802763043944,-0.45395437895764235,-0.2789830500314615,-0.7600319244561619,1.2901143795189296,-0.3743051181921297,0.07260614867809903,0.7804782639289712,-0.1573803313198222,0.5385532875088825,-0.2185083370694357,1.0129025496993858,-0.35786304611248015,1,-1.5147330601973477,1.5427923817978015,0.3749633842697951,-0.2826073044334395,1.2310580311134776,-0.5148856304808219,-0.3532468856456782,-0.19167997823848998,0.8765799282280009,-0.6218939915710208,-0.2423377175166058,-0.5458937625582472,2.8308812919105044,-0.5316095330711949,-1.531457092034337,-0.25968097836829673,2.9230322692469244,0.7941368058034197,-0.25285257805588657,-0.9711404493970425,0.49566256864703173,0.34491378233027914,-1.8160432938212439,-0.7634964500692145,12
-0.6114217963383591,1.310215632680141,-0.2789830500314615,-0.7600319244561619,0.08365294968062233,-0.3743051181921297,0.07260614867809903,-1.1237713349052476,-0.1573803313198222,-0.5435553304269218,-0.9976946599159401,1.0129025496993858,-0.35786304611248015,1,0.6601823293337999,-0.6481753551535623,0.3749633842697951,-0.2826073044334395,-0.8123093913741105,1.9421788855636883,-0.3532468856456782,-0.19167997823848998,0.8765799282280009,-0.6218939915710208,-0.2423377175166058,-0.5458937625582472,-0.3532468856456782,-0.5316095330711949,0.6529729139662889,-0.25968097836829673,-0.3421104893438741,0.7941368058034197,3.9548736567715594,-0.9711404493970425,0.49566256864703173,0.34491378233027914,0.5506476653955981,-0.7634964500692145,16
-1.4329802763043944,0.4281306268612493,0.6308661935384804,-0.7600319244561619,0.08365294968062233,-0.3743051181921297,-3.068819884127659,-0.17164653548813819,-1.0085456232078611,0.5385532875088825,0.5606779857770687,-1.7549869440054624,4.3863974667881624,1,0.6601823293337999,-0.6481753551535623,-2.666927070618917,-0.2826073044334395,-0.8123093913741105,1.9421788855636883,-0.3532468856456782,-0.19167997823848998,-1.1407972824811217,1.6079910942278326,-0.2423377175166058,1.8318582636182794,-0.3532468856456782,-0.5316095330711949,0.6529729139662889,-0.25968097836829673,-0.3421104893438741,-1.2592288793217572,-0.25285257805588657,-0.9711404493970425,-2.0175015489461217,0.34491378233027914,-1.8160432938212439,1.3097637846375647,9
-0.6114217963383591,-1.3360393847765342,-1.1888322936014033,-0.7600319244561619,-1.122808480157685,-0.3743051181921297,0.07260614867809903,0.7804782639289712,0.6937849605682166,0.5385532875088825,-0.2185083370694357,0.3209301762731737,-0.35786304611248015,1,-1.5147330601973477,1.5427923817978015,0.3749633842697951,-0.2826073044334395,-0.8123093913741105,1.9421788855636883,-0.3532468856456782,-0.19167997823848998,-1.1407972824811217,1.6079910942278326,-0.2423377175166058,1.8318582636182794,-0.3532468856456782,-0.5316095330711949,0.6529729139662889,-0.25968097836829673,-0.3421104893438741,0.7941368058034197,-0.25285257805588657,1.0297171749162293,0.49566256864703173,0.34491378233027914,0.5506476653955981,1.3097637846375647,14
-0.6114217963383591,-0.45395437895764235,0.6308661935384804,-0.7600319244561619,0.08365294968062233,-0.3743051181921297,0.07260614867809903,-0.17164653548813819,-0.1573803313198222,-0.5435553304269218,-0.9976946599159401,-1.0630145705792504,0.5047297744149093,1,0.6601823293337999,-0.6481753551535623,0.3749633842697951,-0.2826073044334395,-0.8123093913741105,1.9421788855636883,-0.3532468856456782,-0.19167997823848998,-1.1407972824811217,1.6079910942278326,-0.2423377175166058,-0.5458937625582472,-0.3532468856456782,-0.5316095330711949,0.6529729139662889,-0.25968097836829673,-0.3421104893438741,-1.2592288793217572,-0.25285257805588657,-0.9711404493970425,0.49566256864703173,0.34491378233027914,0.5506476653955981,-0.7634964500692145,13
-1.4329802763043944,-0.45395437895764235,-0.2789830500314615,-0.7600319244561619,2.496575809357237,-0.3743051181921297,1.1197481596133516,-2.075896134322357,-1.0085456232078611,-0.5435553304269218,-0.9976946599159401,-0.3710421971530383,0.0734333641512146,1,0.6601823293337999,-0.6481753551535623,0.3749633842697951,-0.2826073044334395,1.2310580311134776,-0.5148856304808219,-0.3532468856456782,-0.19167997823848998,0.8765799282280009,-0.6218939915710208,-0.2423377175166058,-0.5458937625582472,-0.3532468856456782,-0.5316095330711949,0.6529729139662889,-0.25968097836829673,2.9230322692469244,0.7941368058034197,-0.25285257805588657,-0.9711404493970425,0.49566256864703173,0.34491378233027914,0.5506476653955981,-0.7634964500692145,10
1.8532536435597464,0.4281306268612493,-0.2789830500314615,0.5767179914572501,-1.122808480157685,4.6866120006972904,-0.9745358622571536,-1.1237713349052476,-1.8597109150959,-0.5435553304269218,-0.9976946599159401,-0.3710421971530383,0.0734333641512146,0,0.6601823293337999,-0.6481753551535623,0.3749633842697951,-0.2826073044334395,-0.8123093913741105,-0.5148856304808219,-0.3532468856456782,-0.19167997823848998,-1.1407972824811217,1.6079910942278326,-0.2423377175166058,-0.5458937625582472,-0.3532468856456782,-0.5316095330711949,0.6529729139662889,-0.25968097836829673,-0.3421104893438741,-1.2592288793217572,-0.25285257805588657,1.0297171749162293,0.49566256864703173,0.34491378233027914,-1.8160432938212439,-0.7634964500692145,9
-1.4329802763043944,0.4281306268612493,1.5407154371084224,-0.7600319244561619,-1.122808480157685,-0.3743051181921297,1.1197481596133516,1.7326030633460807,1.5449502524562555,1.6206619054446871,-0.2185083370694357,1.0129025496993858,-0.35786304611248015,0,0.6601823293337999,-0.6481753551535623,0.3749633842697951,-0.2826073044334395,-0.8123093913741105,1.9421788855636883,-0.3532468856456782,-0.19167997823848998,-1.1407972824811217,1.6079910942278326,-0.2423377175166058,1.8318582636182794,-0.3532468856456782,-0.5316095330711949,-1.531457092034337,-0.25968097836829673,2.9230322692469244,-1.2592288793217572,-0.25285257805588657,-0.9711404493970425,0.49566256864703173,0.34491378233027914,0.5506476653955981,-0.7634964500692145,9
-0.6114217963383591,1.310215632680141,1.5407154371084224,-0.7600319244561619,0.08365294968062233,-0.3743051181921297,0.07260614867809903,0.7804782639289712,1.5449502524562555,3.7848791413162957,2.1190506314700777,1.0129025496993858,0.0734333641512146,0,0.6601823293337999,-0.6481753551535623,0.3749633842697951,-0.2826073044334395,-0.8123093913741105,-0.5148856304808219,2.8308812919105044,-0.19167997823848998,-1.1407972824811217,-0.6218939915710208,4.126472801046648,1.8318582636182794,-0.3532468856456782,-0.5316095330711949,0.6529729139662889,-0.25968097836829673,-0.3421104893438741,0.7941368058034197,3.9548736567715594,1.0297171749162293,0.49566256864703173,0.34491378233027914,0.5506476653955981,1.3097637846375647,12
1.8532536435597464,-1.3360393847765342,-1.1888322936014033,1.913467907370662,0.08365294968062233,2.9996396277341506,1.1197481596133516,-0.17164653548813819,0.6937849605682166,-0.5435553304269218,-0.9976946599159401,0.3209301762731737,-0.35786304611248015,1,0.6601823293337999,1.5427923817978015,-2.666927070618917,-0.2826073044334395,1.2310580311134776,-0.5148856304808219,-0.3532468856456782,-0.19167997823848998,0.8765799282280009,-0.6218939915710208,-0.2423377175166058,-0.5458937625582472,-0.3532468856456782,-0.5316095330711949,-1.531457092034337,3.8508788987298637,-0.3421104893438741,0.7941368058034197,-0.25285257805588657,-0.9711404493970425,-2.0175015489461217,0.34491378233027914,0.5506476653955981,1.3097637846375647,9
0.210136683627676,-1.3360393847765342,-1.1888322936014033,-0.7600319244561619,0.08365294968062233,-0.3743051181921297,0.07260614867809903,-0.17164653548813819,-1.0085456232078611,-0.5435553304269218,-0.9976946599159401,0.3209301762731737,1.367322594942299,1,0.6601823293337999,-0.6481753551535623,0.3749633842697951,-0.2826073044334395,-0.8123093913741105,-0.5148856304808219,-0.3532468856456782,-0.19167997823848998,0.8765799282280009,-0.6218939915710208,-0.2423377175166058,-0.5458937625582472,-0.3532468856456782,-0.5316095330711949,0.6529729139662889,-0.25968097836829673,2.9230322692469244,-1.2592288793217572,-0.25285257805588657,-0.9711404493970425,-2.0175015489461217,0.34491378233027914,-1.8160432938212439,1.3097637846375647,10
0.210136683627676,1.310215632680141,0.6308661935384804,-0.7600319244561619,0.08365294968062233,-0.3743051181921297,-0.9745358622571536,0.7804782639289712,1.5449502524562555,0.5385532875088825,1.339864308623573,-1.7549869440054624,2.661211825733383,1,0.6601823293337999,-0.6481753551535623,0.3749633842697951,-0.2826073044334395,1.2310580311134776,-0.5148856304808219,-0.3532468856456782,-0.19167997823848998,0.8765799282280009,-0.6218939915710208,-0.2423377175166058,-0.5458937625582472,-0.3532468856456782,1.8810798862519205,0.6529729139662889,-0.25968097836829673,-0.3421104893438741,-1.2592288793217572,-0.25285257805588657,-0.9711404493970425,0.49566256864703173,0.34491378233027914,0.5506476653955981,1.3097637846375647,10
1.0316951635937113,-0.45395437895764235,0.6308661935384804,0.5767179914572501,-1.122808480157685,-0.3743051181921297,1.1197481596133516,-1.1237713349052476,-0.1573803313198222,-0.5435553304269218,-0.2185083370694357,0.3209301762731737,-0.7891594563761749,1,0.6601823293337999,-0.6481753551535623,0.3749633842697951,-0.2826073044334395,-0.8123093913741105,-0.5148856304808219,-0.3532468856456782,-0.19167997823848998,-1.1407972824811217,1.6079910942278326,-0.2423377175166058,-0.5458937625582472,-0.3532468856456782,-0.5316095330711949,-1.531457092034337,-0.25968097836829673,-0.3421104893438741,0.7941368058034197,-0.25285257805588657,-0.9711404493970425,0.49566256864703173,0.34491378233027914,0.5506476653955981,1.3097637846375647,10
1.0316951635937113,-1.3360393847765342,-1.1888322936014033,0.5767179914572501,1.2901143795189296,-0.3743051181921297,0.07260614867809903,1.7326030633460807,1.5449502524562555,-0.5435553304269218,-0.2185083370694357,-1.0630145705792504,-0.7891594563761749,1,0.6601823293337999,-0.6481753551535623,0.3749633842697951,-0.2826073044334395,1.2310580311134776,-0.5148856304808219,-0.3532468856456782,-0.19167997823848998,0.8765799282280009,-0.6218939915710208,-0.2423377175166058,1.8318582636182794,-0.3532468856456782,-0.5316095330711949,0.6529729139662889,-0.25968097836829673,-0.3421104893438741,-1.2592288793217572,-0.25285257805588657,1.0297171749162293,0.49566256864703173,0.34491378233027914,0.5506476653955981,-0.7634964500692145,14
1.0316951635937113,-1.3360393847765342,-0.2789830500314615,1.913467907370662,-1.122808480157685,-0.3743051181921297,0.07260614867809903,-0.17164653548813819,-0.1573803313198222,0.5385532875088825,0.5606779857770687,-0.3710421971530383,-0.14221484098063278,0,-1.5147330601973477,1.5427923817978015,0.3749633842697951,-0.2826073044334395,-0.8123093913741105,-0.5148856304808219,-0.3532468856456782,-0.19167997823848998,-1.1407972824811217,1.6079910942278326,-0.2423377175166058,-0.5458937625582472,2.8308812919105044,-0.5316095330711949,-1.531457092034337,-0.25968097836829673,-0.3421104893438741,0.7941368058034197,-0.25285257805588657,1.0297171749162293,0.49566256864703173,-2.8992752717617685,0.5506476653955981,1.3097637846375647,10
-0.6114217963383591,-0.45395437895764235,0.6308661935384804,0.5767179914572501,0.08365294968062233,-0.3743051181921297,-0.9745358622571536,-0.17164653548813819,-0.1573803313198222,-0.5435553304269218,-0.9976946599159401,-1.0630145705792504,-0.7891594563761749,1,-1.5147330601973477,-0.6481753551535623,0.3749633842697951,-0.2826073044334395,-0.8123093913741105,-0.5148856304808219,-0.3532468856456782,-0.19167997823848998,-1.1407972824811217,1.6079910942278326,-0.2423377175166058,-0.5458937625582472,2.8308812919105044,-0.5316095330711949,0.6529729139662889,-0.25968097836829673,-0.3421104893438741,0.7941368058034197,-0.25285257805588657,1.0297171749162293,0.49566256864703173,0.34491378233027914,0.5506476653955981,-0.7634964500692145,10
-0.6114217963383591,0.4281306268612493,0.6308661935384804,-0.7600319244561619,0.08365294968062233,-0.3743051181921297,0.07260614867809903,-0.17164653548813819,-1.0085456232078611,-0.5435553304269218,-0.2185083370694357,1.0129025496993858,-0.7891594563761749,1,0.6601823293337999,-0.6481753551535623,0.3749633842697951,-0.2826073044334395,1.2310580311134776,-0.5148856304808219,-0.3532468856456782,-0.19167997823848998,0.8765799282280009,-0.6218939915710208,-0.2423377175166058,1.8318582636182794,-0.3532468856456782,-0.5316095330711949,-1.531457092034337,-0.25968097836829673,-0.3421104893438741,0.7941368058034197,-0.25285257805588657,-0.9711404493970425,0.49566256864703173,0.34491378233027914,-1.8160432938212439,-0.7634964500692145,13
1.0316951635937113,-0.45395437895764235,-1.1888322936014033,-0.7600319244561619,0.08365294968062233,-0.3743051181921297,0.07260614867809903,-0.17164653548813819,0.6937849605682166,-0.5435553304269218,0.5606779857770687,1.0129025496993858,-0.35786304611248015,1,0.6601823293337999,1.5427923817978015,-2.666927070618917,-0.2826073044334395,1.2310580311134776,-0.5148856304808219,-0.3532468856456782,-0.19167997823848998,0.8765799282280009,-0.6218939915710208,-0.2423377175166058,-0.5458937625582472,-0.3532468856456782,-0.5316095330711949,0.6529729139662889,-0.25968097836829673,-0.3421104893438741,0.7941368058034197,-0.25285257805588657,-0.9711404493970425,-2.0175015489461217,0.34491378233027914,0.5506476653955981,1.3097637846375647,13
-0.6114217963383591,0.4281306268612493,1.5407154371084224,-0.7600319244561619,0.08365294968062233,-0.3743051181921297,1.1197481596133516,-0.17164653548813819,-0.1573803313198222,-0.5435553304269218,-0.9976946599159401,1.0129025496993858,-0.35786304611248015,0,0.6601823293337999,1.5427923817978015,-2.666927070618917,-0.2826073044334395,-0.8123093913741105,1.9421788855636883,-0.3532468856456782,-0.19167997823848998,0.8765799282280009,-0.6218939915710208,-0.2423377175166058,1.8318582636182794,-0.3532468856456782,-0.5316095330711949,0.6529729139662889,-0.25968097836829673,2.9230322692469244,0.7941368058034197,3.9548736567715594,1.0297171749162293,0.49566256864703173,0.34491378233027914,0.5506476653955981,-0.7634964500692145,13
1.0316951635937113,-0.45395437895764235,-1.1888322936014033,-0.7600319244561619,-1.122808480157685,2.9996396277341506,-0.9745358622571536,-1.1237713349052476,1.5449502524562555,0.5385532875088825,2.1190506314700777,1.0129025496993858,0.0734333641512146,0,0.6601823293337999,-0.6481753551535623,0.3749633842697951,-0.2826073044334395,-0.8123093913741105,1.9421788855636883,-0.3532468856456782,-0.19167997823848998,-1.1407972824811217,1.6079910942278326,-0.2423377175166058,-0.5458937625582472,2.8308812919105044,-0.5316095330711949,0.6529729139662889,-0.25968097836829673,-0.3421104893438741,-1.2592288793217572,-0.25285257805588657,-0.9711404493970425,-2.0175015489461217,-2.8992752717617685,0.5506476653955981,-0.7634964500692145,6
-0.6114217963383591,0.4281306268612493,0.6308661935384804,-0.7600319244561619,-1.122808480157685,-0.3743051181921297,0.07260614867809903,-0.17164653548813819,-1.0085456232078611,1.6206619054446871,1.339864308623573,1.0129025496993858,-0.7891594563761749,0,-1.5147330601973477,-0.6481753551535623,0.3749633842697951,-0.2826073044334395,-0.8123093913741105,1.9421788855636883,-0.3532468856456782,-0.19167997823848998,-1.1407972824811217,1.6079910942278326,-0.2423377175166058,-0.5458937625582472,-0.3532468856456782,1.8810798862519205,0.6529729139662889,-0.25968097836829673,-0.3421104893438741,0.7941368058034197,-0.25285257805588657,1.0297171749162293,0.49566256864703173,0.34491378233027914,0.5506476653955981,-0.7634964500692145,10
-0.6114217963383591,0.4281306268612493,-1.1888322936014033,-0.7600319244561619,-1.122808480157685,-0.3743051181921297,1.1197481596133516,-0.17164653548813819,-1.0085456232078611,0.5385532875088825,-0.2185083370694357,1.0129025496993858,-0.7891594563761749,0,0.6601823293337999,-0.6481753551535623,0.3749633842697951,-0.2826073044334395,1.2310580311134776,-0.5148856304808219,-0.3532468856456782,-0.19167997823848998,0.8765799282280009,-0.6218939915710208,-0.2423377175166058,-0.5458937625582472,-0.3532468856456782,1.8810798862519205,0.6529729139662889,-0.25968097836829673,-0.3421104893438741,-1.2592288793217572,-0.25285257805588657,1.0297171749162293,0.49566256864703173,0.34491378233027914,-1.8160432938212439,-0.7634964500692145,14
0.210136683627676,1.310215632680141,1.5407154371084224,-0.7600319244561619,1.2901143795189296,-0.3743051181921297,0.07260614867809903,0.7804782639289712,-1.0085456232078611,-0.5435553304269218,-0.2185083370694357,0.3209301762731737,-0.35786304611248015,0,0.6601823293337999,1.5427923817978015,-2.666927070618917,3.5384789575936906,-0.8123093913741105,-0.5148856304808219,-0.3532468856456782,-0.19167997823848998,0.8765799282280009,-0.6218939915710208,-0.2423377175166058,-0.5458937625582472,-0.3532468856456782,1.8810798862519205,0.6529729139662889,-0.25968097836829673,-0.3421104893438741,0.7941368058034197,-0.25285257805588657,-0.9711404493970425,0.49566256864703173,0.34491378233027914,0.5506476653955981,-0.7634964500692145,15
-1.4329802763043944,0.4281306268612493,1.5407154371084224,0.5767179914572501,1.2901143795189296,-0.3743051181921297,0.07260614867809903,-1.1237713349052476,-1.0085456232078611,0.5385532875088825,-0.2185083370694357,1.0129025496993858,-0.7891594563761749,1,-1.5147330601973477,-0.6481753551535623,0.3749633842697951,-0.2826073044334395,-0.8123093913741105,1.9421788855636883,-0.3532468856456782,-0.19167997823848998,-1.1407972824811217,-0.6218939915710208,4.126472801046648,-0.5458937625582472,-0.3532468856456782,-0.5316095330711949,-1.531457092034337,-0.25968097836829673,-0.3421104893438741,0.7941368058034197,-0.25285257805588657,-0.9711404493970425,0.49566256864703173,0.34491378233027914,0.5506476653955981,1.3097637846375647,12
-1.4329802763043944,1.310215632680141,1.5407154371084224,-0.7600319244561619,0.08365294968062233,-0.3743051181921297,1.1197481596133516,0.7804782639289712,-1.0085456232078611,1.6206619054446871,1.339864308623573,1.0129025496993858,-0.7891594563761749,0,0.6601823293337999,-0.6481753551535623,0.3749633842697951,3.5384789575936906,-0.8123093913741105,-0.5148856304808219,-0.3532468856456782,-0.19167997823848998,-1.1407972824811217,1.6079910942278326,-0.2423377175166058,1.8318582636182794,-0.3532468856456782,-0.5316095330711949,0.6529729139662889,-0.25968097836829673,-0.3421104893438741,0.7941368058034197,3.9548736567715594,-0.9711404493970425,-2.0175015489461217,0.34491378233027914,0.5506476653955981,-0.7634964500692145,11
0.210136683627676,1.310215632680141,0.6308661935384804,-0.7600319244561619,0.08365294968062233,-0.3743051181921297,1.1197481596133516,-1.1237713349052476,-1.0085456232078611,-0.5435553304269218,-0.2185083370694357,1.0129025496993858,2.2299154154696885,1,0.6601823293337999,-0.6481753551535623,-2.666927070618917,-0.2826073044334395,-0.8123093913741105,1.9421788855636883,-0.3532468856456782,-0.19167997823848998,-1.1407972824811217,1.6079910942278326,-0.2423377175166058,-0.5458937625582472,-0.3532468856456782,-0.5316095330711949,0.6529729139662889,-0.25968097836829673,-0.3421104893438741,0.7941368058034197,-0.25285257805588657,-0.9711404493970425,0.49566256864703173,0.34491378233027914,0.5506476653955981,1.3097637846375647,17
-1.4329802763043944,1.310215632680141,-0.2789830500314615,-0.7600319244561619,0.08365294968062233,-0.3743051181921297,0.07260614867809903,-0.17164653548813819,-0.1573803313198222,0.5385532875088825,-0.2185083370694357,1.0129025496993858,0.0734333641512146,0,0.6601823293337999,-0.6481753551535623,0.3749633842697951,-0.2826073044334395,-0.8123093913741105,-0.5148856304808219,2.8308812919105044,-0.19167997823848998,0.8765799282280009,-0.6218939915710208,-0.2423377175166058,1.8318582636182794,-0.3532468856456782,-0.5316095330711949,0.6529729139662889,-0.25968097836829673,-0.3421104893438741,0.7941368058034197,-0.25285257805588657,-0.9711404493970425,0.49566256864703173,0.34491378233027914,-1.8160432938212439,-0.7634964500692145,13
1.8532536435597464,1.310215632680141,0.6308661935384804,-0.7600319244561619,0.08365294968062233,-0.3743051181921297,0.07260614867809903,-0.17164653548813819,-1.8597109150959,-0.5435553304269218,-0.9976946599159401,-1.7549869440054624,0.0734333641512146,0,0.6601823293337999,1.5427923817978015,-2.666927070618917,-0.2826073044334395,-0.8123093913741105,1.9421788855636883,-0.3532468856456782,-0.19167997823848998,-1.1407972824811217,-0.6218939915710208,-0.2423377175166058,-0.5458937625582472,-0.3532468856456782,1.8810798862519205,0.6529729139662889,-0.25968097836829673,-0.3421104893438741,0.7941368058034197,-0.25285257805588657,-0.9711404493970425,0.49566256864703173,0.34491378233027914,0.5506476653955981,-0.7634964500692145,14
1.0316951635937113,1.310215632680141,0.6308661935384804,0.5767179914572501,-1.122808480157685,-0.3743051181921297,0.07260614867809903,-1.1237713349052476,-0.1573803313198222,-0.5435553304269218,-0.2185083370694357,-1.7549869440054624,-0.7891594563761749,0,0.6601823293337999,1.5427923817978015,0.3749633842697951,-0.2826073044334395,-0.8123093913741105,-0.5148856304808219,2.8308812919105044,-0.19167997823848998,-1.1407972824811217,1.6079910942278326,-0.2423377175166058,-0.5458937625582472,-0.3532468856456782,-0.5316095330711949,0.6529729139662889,-0.25968097836829673,-0.3421104893438741,-1.2592288793217572,-0.25285257805588657,1.0297171749162293,0.49566256864703173,0.34491378233027914,0.5506476653955981,-0.7634964500692145,10
-0.6114217963383591,-1.3360393847765342,-1.1888322936014033,0.5767179914572501,0.08365294968062233,-0.3743051181921297,-0.9745358622571536,0.7804782639289712,-1.0085456232078611,-0.5435553304269218,-0.9976946599159401,1.0129025496993858,-0.35786304611248015,0,0.6601823293337999,1.5427923817978015,0.3749633842697951,-0.2826073044334395,1.2310580311134776,-0.5148856304808219,-0.3532468856456782,-0.19167997823848998,0.8765799282280009,-0.6218939915710208,-0.2423377175166058,1.8318582636182794,-0.3532468856456782,-0.5316095330711949,0.6529729139662889,-0.25968097836829673,-0.3421104893438741,0.7941368058034197,-0.25285257805588657,-0.9711404493970425,0.49566256864703173,0.34491378233027914,0.5506476653955981,-0.7634964500692145,9
-1.4329802763043944,1.310215632680141,0.6308661935384804,-0.7600319244561619,1.2901143795189296,-0.3743051181921297,1.1197481596133516,0.7804782639289712,-0.1573803313198222,-0.5435553304269218,-0.9976946599159401,0.3209301762731737,-0.7891594563761749,0,0.6601823293337999,1.5427923817978015,0.3749633842697951,-0.2826073044334395,-0.8123093913741105,-0.5148856304808219,2.8308812919105044,-0.19167997823848998,-1.1407972824811217,1.6079910942278326,-0.2423377175166058,1.8318582636182794,-0.3532468856456782,-0.5316095330711949,0.6529729139662889,-0.25968097836829673,-0.3421104893438741,0.7941368058034197,-0.25285257805588657,1.0297171749162293,0.49566256864703173,0.34491378233027914,0.5506476653955981,-0.7634964500692145,14
-1.4329802763043944,1.310215632680141,1.5407154371084224,-0.7600319244561619,-1.122808480157685,-0.3743051181921297,-0.9745358622571536,-0.17164653548813819,0.6937849605682166,0.5385532875088825,0.5606779857770687,1.0129025496993858,-0.7891594563761749,1,0.6601823293337999,-0.6481753551535623,0.3749633842697951,-0.2826073044334395,-0.8123093913741105,1.9421788855636883,-0.3532468856456782,-0.19167997823848998,-1.1407972824811217,1.6079910942278326,-0.2423377175166058,-0.5458937625582472,-0.3532468856456782,-0.5316095330711949,0.6529729139662889,-0.25968097836829673,2.9230322692469244,0.7941368058034197,-0.25285257805588657,-0.9711404493970425,0.49566256864703173,0.34491378233027914,0.5506476653955981,-0.7634964500692145,12
-0.6114217963383591,-1.3360393847765342,-0.2789830500314615,0.5767179914572501,-1.122808480157685,2.9996396277341506,0.07260614867809903,0.7804782639289712,1.5449502524562555,1.6206619054446871,2.1190506314700777,1.0129025496993858,-0.7891594563761749,0,0.6601823293337999,1.5427923817978015,0.3749633842697951,3.5384789575936906,-0.8123093913741105,-0.5148856304808219,-0.3532468856456782,-0.19167997823848998,-1.1407972824811217,1.6079910942278326,-0.2423377175166058,-0.5458937625582472,-0.3532468856456782,-0.5316095330711949,0.6529729139662889,-0.25968097836829673,-0.3421104893438741,-1.2592288793217572,-0.25285257805588657,-0.9711404493970425,-2.0175015489461217,0.34491378233027914,0.5506476653955981,-0.7634964500692145,10
0.210136683627676,-0.45395437895764235,-1.1888322936014033,0.5767179914572501,0.08365294968062233,-0.3743051181921297,1.1197481596133516,-0.17164653548813819,-0.1573803313198222,-0.5435553304269218,-0.2185083370694357,-1.0630145705792504,0.28908156928306195,1,-1.5147330601973477,1.5427923817978015,-2.666927070618917,-0.2826073044334395,-0.8123093913741105,1.9421788855636883,-0.3532468856456782,-0.19167997823848998,0.8765799282280009,-0.6218939915710208,-0.2423377175166058,-0.5458937625582472,-0.3532468856456782,1.8810798862519205,0.6529729139662889,-0.25968097836829673,-0.3421104893438741,-1.2592288793217572,-0.25285257805588657,1.0297171749162293,0.49566256864703173,0.34491378233027914,0.5506476653955981,1.3097637846375647,12
0.210136683627676,0.4281306268612493,-0.2789830500314615,-0.7600319244561619,-1.122808480157685,-0.3743051181921297,0.07260614867809903,0.7804782639289712,0.6937849605682166,1.6206619054446871,1.339864308623573,-0.3710421971530383,3.092508235997078,0,0.6601823293337999,1.5427923817978015,-2.666927070618917,-0.2826073044334395,-0.8123093913741105,-0.5148856304808219,2.8308812919105044,-0.19167997823848998,-1.1407972824811217,1.6079910942278326,-0.2423377175166058,1.8318582636182794,-0.3532468856456782,-0.5316095330711949,0.6529729139662889,-0.25968097836829673,-0.3421104893438741,-1.2592288793217572,-0.25285257805588657,-0.9711404493970425,0.49566256864703173,0.34491378233027914,0.5506476653955981,-0.7634964500692145,13
1.0316951635937113,0.4281306268612493,-0.2789830500314615,0.5767179914572501,-1.122808480157685,-0.3743051181921297,0.07260614867809903,0.7804782639289712,1.5449502524562555,0.5385532875088825,1.339864308623573,1.0129025496993858,0.9360261846786041,0,0.6601823293337999,-0.6481753551535623,0.3749633842697951,-0.2826073044334395,-0.8123093913741105,1.9421788855636883,-0.3532468856456782,-0.19167997823848998,0.8765799282280009,-0.6218939915710208,-0.2423377175166058,-0.5458937625582472,-0.3532468856456782,-0.5316095330711949,0.6529729139662889,-0.25968097836829673,-0.3421104893438741,-1.2592288793217572,-0.25285257805588657,-0.9711404493970425,0.49566256864703173,-2.8992752717617685,0.5506476653955981,-0.7634964500692145,7
1.0316951635937113,1.310215632680141,1.5407154371084224,-0.7600319244561619,0.08365294968062233,-0.3743051181921297,-0.9745358622571536,-1.1237713349052476,0.6937849605682166,-0.5435553304269218,1.339864308623573,-1.0630145705792504,0.0734333641512146,0,0.6601823293337999,-0.6481753551535623,0.3749633842697951,-0.2826073044334395,-0.8123093913741105,-0.5148856304808219,2.8308812919105044,-0.19167997823848998,-1.1407972824811217,-0.6218939915710208,4.126472801046648,1.8318582636182794,-0.3532468856456782,-0.5316095330711949,-1.531457092034337,-0.25968097836829673,-0.3421104893438741,-1.2592288793217572,-0.25285257805588657,1.0297171749162293,-2.0175015489461217,0.34491378233027914,0.5506476653955981,-0.7634964500692145,19
-0.6114217963383591,0.4281306268612493,0.6308661935384804,1.913467907370662,-1.122808480157685,-0.3743051181921297,-0.9745358622571536,-0.17164653548813819,0.6937849605682166,1.6206619054446871,2.1190506314700777,-0.3710421971530383,2.661211825733383,0,-1.5147330601973477,1.5427923817978015,0.3749633842697951,-0.2826073044334395,-0.8123093913741105,-0.5148856304808219,2.8308812919105044,-0.19167997823848998,0.8765799282280009,-0.6218939915710208,-0.2423377175166058,1.8318582636182794,-0.3532468856456782,-0.5316095330711949,-1.531457092034337,-0.25968097836829673,-0.3421104893438741,0.7941368058034197,-0.25285257805588657,1.0297171749162293,0.49566256864703173,0.34491378233027914,0.5506476653955981,-0.7634964500692145,12
1.0316951635937113,0.4281306268612493,0.6308661935384804,-0.7600319244561619,0.08365294968062233,-0.3743051181921297,-0.9745358622571536,-1.1237713349052476,0.6937849605682166,0.5385532875088825,1.339864308623573,0.3209301762731737,1.367322594942299,0,0.6601823293337999,1.5427923817978015,0.3749633842697951,-0.2826073044334395,-0.8123093913741105,1.9421788855636883,-0.3532468856456782,5.217028972925858,-1.1407972824811217,-0.6218939915710208,-0.2423377175166058,1.8318582636182794,-0.3532468856456782,-0.5316095330711949,-1.531457092034337,-0.25968097836829673,-0.3421104893438741,0.7941368058034197,-0.25285257805588657,-0.9711404493970425,0.49566256864703173,0.34491378233027914,0.5506476653955981,-0.7634964500692145,10
1.0316951635937113,-0.45395437895764235,-0.2789830500314615,-0.7600319244561619,1.2901143795189296,-0.3743051181921297,0.07260614867809903,-0.17164653548813819,-0.1573803313198222,-0.5435553304269218,-0.9976946599159401,-0.3710421971530383,-0.7891594563761749,1,0.6601823293337999,-0.6481753551535623,0.3749633842697951,-0.2826073044334395,-0.8123093913741105,-0.5148856304808219,-0.3532468856456782,-0.19167997823848998,-1.1407972824811217,1.6079910942278326,-0.2423377175166058,1.8318582636182794,-0.3532468856456782,-0.5316095330711949,0.6529729139662889,-0.25968097836829673,-0.3421104893438741,0.7941368058034197,-0.25285257805588657,1.0297171749162293,0.49566256864703173,0.34491378233027914,0.5506476653955981,1.3097637846375647,13
-0.6114217963383591,-1.3360393847765342,-0.2789830500314615,-0.7600319244561619,0.08365294968062233,-0.3743051181921297,0.07260614867809903,0.7804782639289712,1.5449502524562555,-0.5435553304269218,0.5606779857770687,-0.3710421971530383,-0.7891594563761749,1,-1.5147330601973477,1.5427923817978015,0.3749633842697951,-0.2826073044334395,-0.8123093913741105,-0.5148856304808219,-0.3532468856456782,-0.19167997823848998,0.8765799282280009,-0.6218939915710208,-0.2423377175166058,-0.5458937625582472,-0.3532468856456782,-0.5316095330711949,0.6529729139662889,-0.25968097836829673,-0.3421104893438741,-1.2592288793217572,-0.25285257805588657,1.0297171749162293,0.49566256864703173,-2.8992752717617685,0.5506476653955981,-0.7634964500692145,9
1.0316951635937113,0.4281306268612493,0.6308661935384804,-0.7600319244561619,0.08365294968062233,-0.3743051181921297,1.1197481596133516,-0.17164653548813819,0.6937849605682166,-0.5435553304269218,-0.9976946599159401,1.0129025496993858,-0.7891594563761749,1,0.6601823293337999,-0.6481753551535623,0.3749633842697951,-0.2826073044334395,-0.8123093913741105,1.9421788855636883,-0.3532468856456782,-0.19167997823848998,-1.1407972824811217,1.6079910942278326,-0.2423377175166058,-0.5458937625582472,-0.3532468856456782,-0.5316095330711949,-1.531457092034337,-0.25968097836829673,-0.3421104893438741,0.7941368058034197,-0.25285257805588657,-0.9711404493970425,0.49566256864703173,0.34491378233027914,-1.8160432938212439,1.3097637846375647,10
1.0316951635937113,1.310215632680141,1.5407154371084224,-0.7600319244561619,0.08365294968062233,-0.3743051181921297,0.07260614867809903,-1.1237713349052476,0.6937849605682166,-0.5435553304269218,-0.9976946599159401,0.3209301762731737,-0.7891594563761749,1,0.6601823293337999,1.5427923817978015,-2.666927070618917,3.5384789575936906,-0.8123093913741105,-0.5148856304808219,-0.3532468856456782,-0.19167997823848998,0.8765799282280009,-0.6218939915710208,-0.2423377175166058,1.8318582636182794,-0.3532468856456782,-0.5316095330711949,0.6529729139662889,-0.25968097836829673,-0.3421104893438741,0.7941368058034197,3.9548736567715594,-0.9711404493970425,0.49566256864703173,0.34491378233027914,0.5506476653955981,1.3097637846375647,15
1.0316951635937113,-1.3360393847765342,-1.1888322936014033,0.5767179914572501,2.496575809357237,-0.3743051181921297,1.1197481596133516,-1.1237713349052476,-1.0085456232078611,-0.5435553304269218,-0.9976946599159401,-0.3710421971530383,-0.35786304611248015,1,-1.5147330601973477,1.5427923817978015,0.3749633842697951,-0.2826073044334395,-0.8123093913741105,-0.5148856304808219,-0.3532468856456782,-0.19167997823848998,0.8765799282280009,-0.6218939915710208,-0.2423377175166058,-0.5458937625582472,-0.3532468856456782,1.8810798862519205,0.6529729139662889,-0.25968097836829673,-0.3421104893438741,0.7941368058034197,-0.25285257805588657,1.0297171749162293,0.49566256864703173,0.34491378233027914,-1.8160432938212439,-0.7634964500692145,18
-0.6114217963383591,1.310215632680141,1.5407154371084224,-0.7600319244561619,-1.122808480157685,-0.3743051181921297,1.1197481596133516,-0.17164653548813819,-1.0085456232078611,-0.5435553304269218,-0.2185083370694357,1.0129025496993858,0.0734333641512146,0,0.6601823293337999,-0.6481753551535623,0.3749633842697951,-0.2826073044334395,-0.8123093913741105,1.9421788855636883,-0.3532468856456782,-0.19167997823848998,-1.1407972824811217,1.6079910942278326,-0.2423377175166058,-0.5458937625582472,-0.3532468856456782,-0.5316095330711949,0.6529729139662889,-0.25968097836829673,-0.3421104893438741,-1.2592288793217572,3.9548736567715594,1.0297171749162293,0.49566256864703173,0.34491378233027914,0.5506476653955981,-0.7634964500692145,15
0.210136683627676,-0.45395437895764235,-0.2789830500314615,-0.7600319244561619,0.08365294968062233,-0.3743051181921297,0.07260614867809903,-1.1237713349052476,-1.0085456232078611,-0.5435553304269218,-0.9976946599159401,-0.3710421971530383,0.0734333641512146,1,0.6601823293337999,-0.6481753551535623,0.3749633842697951,-0.2826073044334395,1.2310580311134776,-0.5148856304808219,-0.3532468856456782,-0.19167997823848998,0.8765799282280009,-0.6218939915710208,-0.2423377175166058,-0.5458937625582472,-0.3532468856456782,-0.5316095330711949,0.6529729139662889,-0.25968097836829673,-0.3421104893438741,0.7941368058034197,-0.25285257805588657,-0.9711404493970425,0.49566256864703173,0.34491378233027914,-1.8160432938212439,1.3097637846375647,13
-0.6114217963383591,1.310215632680141,-0.2789830500314615,-0.7600319244561619,-1.122808480157685,-0.3743051181921297,0.07260614867809903,-0.17164653548813819,-0.1573803313198222,1.6206619054446871,1.339864308623573,-0.3710421971530383,0.9360261846786041,0,-1.5147330601973477,-0.6481753551535623,0.3749633842697951,-0.2826073044334395,-0.8123093913741105,-0.5148856304808219,2.8308812919105044,-0.19167997823848998,-1.1407972824811217,1.6079910942278326,-0.2423377175166058,-0.5458937625582472,2.8308812919105044,-0.5316095330711949,0.6529729139662889,-0.25968097836829673,-0.3421104893438741,0.7941368058034197,-0.25285257805588657,1.0297171749162293,0.49566256864703173,0.34491378233027914,0.5506476653955981,1.3097637846375647,11
0.210136683627676,0.4281306268612493,0.6308661935384804,-0.7600319244561619,0.08365294968062233,-0.3743051181921297,1.1197481596133516,-0.17164653548813819,-0.1573803313198222,0.5385532875088825,0.5606779857770687,-1.7549869440054624,6.111583107842941,1,0.6601823293337999,1.5427923817978015,0.3749633842697951,-0.2826073044334395,1.2310580311134776,-0.5148856304808219,-0.3532468856456782,-0.19167997823848998,0.8765799282280009,-0.6218939915710208,-0.2423377175166058,-0.5458937625582472,-0.3532468856456782,1.8810798862519205,0.6529729139662889,-0.25968097836829673,-0.3421104893438741,0.7941368058034197,-0.25285257805588657,1.0297171749162293,0.49566256864703173,0.34491378233027914,0.5506476653955981,1.3097637846375647,14
0.210136683627676,-1.3360393847765342,-1.1888322936014033,-0.7600319244561619,0.08365294968062233,-0.3743051181921297,1.1197481596133516,-0.17164653548813819,-0.1573803313198222,-0.5435553304269218,-0.9976946599159401,-0.3710421971530383,-0.35786304611248015,1,0.6601823293337999,-0.6481753551535623,0.3749633842697951,-0.2826073044334395,-0.8123093913741105,-0.5148856304808219,-0.3532468856456782,-0.19167997823848998,0.8765799282280009,-0.6218939915710208,-0.2423377175166058,-0.5458937625582472,-0.3532468856456782,-0.5316095330711949,-1.531457092034337,-0.25968097836829673,-0.3421104893438741,0.7941368058034197,-0.25285257805588657,-0.9711404493970425,-2.0175015489461217,0.34491378233027914,0.5506476653955981,-0.7634964500692145,11
-1.4329802763043944,1.310215632680141,0.6308661935384804,-0.7600319244561619,0.08365294968062233,-0.3743051181921297,0.07260614867809903,0.7804782639289712,-1.8597109150959,-0.5435553304269218,-0.9976946599159401,-1.7549869440054624,-0.7891594563761749,0,0.6601823293337999,-0.6481753551535623,0.3749633842697951,-0.2826073044334395,-0.8123093913741105,-0.5148856304808219,2.8308812919105044,-0.19167997823848998,0.8765799282280009,-0.6218939915710208,-0.2423377175166058,-0.5458937625582472,-0.3532468856456782,1.8810798862519205,0.6529729139662889,-0.25968097836829673,-0.3421104893438741,-1.2592288793217572,-0.25285257805588657,-0.9711404493970425,0.49566256864703173,0.34491378233027914,0.5506476653955981,-0.7634964500692145,14
1.0316951635937113,1.310215632680141,0.6308661935384804,-0.7600319244561619,0.08365294968062233,-0.3743051181921297,-0.9745358622571536,-2.075896134322357,-1.0085456232078611,-0.5435553304269218,0.5606779857770687,-1.0630145705792504,-0.35786304611248015,1,0.6601823293337999,-0.6481753551535623,0.3749633842697951,-0.2826073044334395,-0.8123093913741105,1.9421788855636883,-0.3532468856456782,-0.19167997823848998,0.8765799282280009,-0.6218939915710208,-0.2423377175166058,1.8318582636182794,-0.3532468856456782,-0.5316095330711949,-1.531457092034337,-0.25968097836829673,-0.3421104893438741,0.7941368058034197,-0.25285257805588657,-0.9711404493970425,0.49566256864703173,0.34491378233027914,0.5506476653955981,1.3097637846375647,15
-0.6114217963383591,-0.45395437895764235,-0.2789830500314615,1.913467907370662,0.08365294968062233,-0.3743051181921297,1.1197481596133516,-0.17164653548813819,0.6937849605682166,-0.5435553304269218,-0.9976946599159401,-1.0630145705792504,-0.5735112512443276,1,-1.5147330601973477,-0.6481753551535623,0.3749633842697951,-0.2826073044334395,1.2310580311134776,-0.5148856304808219,-0.3532468856456782,-0.19167997823848998,-1.1407972824811217,1.6079910942278326,-0.2423377175166058,-0.5458937625582472,-0.3532468856456782,-0.5316095330711949,-1.531457092034337,-0.25968097836829673,-0.3421104893438741,0.7941368058034197,-0.25285257805588657,1.0297171749162293,0.49566256864703173,0.34491378233027914,0.5506476653955981,-0.7634964500692145,14
-0.6114217963383591,-0.45395437895764235,-0.2789830500314615,-0.7600319244561619,0.08365294968062233,-0.3743051181921297,0.07260614867809903,-0.17164653548813819,0.6937849605682166,-0.5435553304269218,-0.2185083370694357,-1.0630145705792504,0.5047297744149093,1,0.6601823293337999,1.5427923817978015,0.3749633842697951,-0.2826073044334395,-0.8123093913741105,-0.5148856304808219,-0.3532468856456782,-0.19167997823848998,0.8765799282280009,-0.6218939915710208,-0.2423377175166058,-0.5458937625582472,-0.3532468856456782,-0.5316095330711949,0.6529729139662889,-0.25968097836829673,-0.3421104893438741,0.7941368058034197,-0.25285257805588657,-0.9711404493970425,0.49566256864703173,0.34491378233027914,-1.8160432938212439,-0.7634964500692145,11
0.210136683627676,1.310215632680141,1.5407154371084224,-0.7600319244561619,0.08365294968062233,-0.3743051181921297,0.07260614867809903,1.7326030633460807,1.5449502524562555,-0.5435553304269218,0.5606779857770687,-1.0630145705792504,-0.7891594563761749,0,0.6601823293337999,-0.6481753551535623,0.3749633842697951,-0.2826073044334395,-0.8123093913741105,-0.5148856304808219,2.8308812919105044,-0.19167997823848998,-1.1407972824811217,-0.6218939915710208,4.126472801046648,-0.5458937625582472,-0.3532468856456782,1.8810798862519205,0.6529729139662889,-0.25968097836829673,2.9230322692469244,0.7941368058034197,-0.25285257805588657,1.0297171749162293,0.49566256864703173,0.34491378233027914,0.5506476653955981,1.3097637846375647,13
0.210136683627676,1.310215632680141,1.5407154371084224,0.5767179914572501,1.2901143795189296,-0.3743051181921297,0.07260614867809903,-0.17164653548813819,-0.1573803313198222,-0.5435553304269218,-0.2185083370694357,0.3209301762731737,0.0734333641512146,1,0.6601823293337999,-0.6481753551535623,0.3749633842697951,-0.2826073044334395,-0.8123093913741105,-0.5148856304808219,2.8308812919105044,-0.19167997823848998,-1.1407972824811217,-0.6218939915710208,4.126472801046648,-0.5458937625582472,-0.3532468856456782,-0.5316095330711949,0.6529729139662889,-0.25968097836829673,-0.3421104893438741,0.7941368058034197,-0.25285257805588657,-0.9711404493970425,-2.0175015489461217,0.34491378233027914,0.5506476653955981,1.3097637846375647,15
-0.6114217963383591,-2.2181243905954258,-0.2789830500314615,-0.7600319244561619,-1.122808480157685,-0.3743051181921297,0.07260614867809903,-0.17164653548813819,-1.0085456232078611,0.5385532875088825,1.339864308623573,1.0129025496993858,-0.7891594563761749,0,0.6601823293337999,-0.6481753551535623,0.3749633842697951,-0.2826073044334395,1.2310580311134776,-0.5148856304808219,-0.3532468856456782,-0.19167997823848998,0.8765799282280009,-0.6218939915710208,-0.2423377175166058,-0.5458937625582472,2.8308812919105044,-0.5316095330711949,0.6529729139662889,-0.25968097836829673,-0.3421104893438741,-1.2592288793217572,-0.25285257805588657,-0.9711404493970425,-2.0175015489461217,0.34491378233027914,0.5506476653955981,-0.7634964500692145,11
0.210136683627676,0.4281306268612493,0.6308661935384804,-0.7600319244561619,0.08365294968062233,-0.3743051181921297,1.1197481596133516,-0.17164653548813819,-0.1573803313198222,-0.5435553304269218,-0.9976946599159401,1.0129025496993858,-0.7891594563761749,1,0.6601823293337999,1.5427923817978015,-2.666927070618917,-0.2826073044334395,-0.8123093913741105,1.9421788855636883,-0.3532468856456782,-0.19167997823848998,0.8765799282280009,-0.6218939915710208,-0.2423377175166058,1.8318582636182794,-0.3532468856456782,-0.5316095330711949,0.6529729139662889,-0.25968097836829673,2.9230322692469244,0.7941368058034197,-0.25285257805588657,-0.9711404493970425,0.49566256864703173,0.34491378233027914,0.5506476653955981,-0.7634964500692145,13
-1.4329802763043944,-0.45395437895764235,-0.2789830500314615,-0.7600319244561619,-1.122808480157685,-0.3743051181921297,0.07260614867809903,-0.17164653548813819,-1.8597109150959,-0.5435553304269218,-0.9976946599159401,-1.0630145705792504,0.9360261846786041,1,-1.5147330601973477,-0.6481753551535623,0.3749633842697951,-0.2826073044334395,-0.8123093913741105,-0.5148856304808219,-0.3532468856456782,-0.19167997823848998,0.8765799282280009,-0.6218939915710208,-0.2423377175166058,-0.5458937625582472,-0.3532468856456782,1.8810798862519205,0.6529729139662889,-0.25968097836829673,2.9230322692469244,0.7941368058034197,-0.25285257805588657,1.0297171749162293,0.49566256864703173,0.34491378233027914,-1.8160432938212439,-0.7634964500692145,12
0.210136683627676,0.4281306268612493,-0.2789830500314615,-0.7600319244561619,2.496575809357237,-0.3743051181921297,1.1197481596133516,-1.1237713349052476,-1.0085456232078611,-0.5435553304269218,-0.2185083370694357,1.0129025496993858,-0.7891594563761749,1,0.6601823293337999,-0.6481753551535623,0.3749633842697951,3.5384789575936906,-0.8123093913741105,-0.5148856304808219,-0.3532468856456782,5.217028972925858,-1.1407972824811217,-0.6218939915710208,-0.2423377175166058,-0.5458937625582472,-0.3532468856456782,1.8810798862519205,-1.531457092034337,-0.25968097836829673,-0.3421104893438741,0.7941368058034197,-0.25285257805588657,1.0297171749162293,-2.0175015489461217,0.34491378233027914,0.5506476653955981,-0.7634964500692145,18
1.0316951635937113,1.310215632680141,1.5407154371084224,-0.7600319244561619,0.08365294968062233,1.3126672547710103,-2.0216778731924063,0.7804782639289712,0.6937849605682166,-0.5435553304269218,-0.9976946599159401,0.3209301762731737,-0.35786304611248015,1,0.6601823293337999,-0.6481753551535623,0.3749633842697951,3.5384789575936906,-0.8123093913741105,-0.5148856304808219,-0.3532468856456782,5.217028972925858,-1.1407972824811217,-0.6218939915710208,-0.2423377175166058,-0.5458937625582472,-0.3532468856456782,1.8810798862519205,-1.531457092034337,-0.25968097836829673,2.9230322692469244,0.7941368058034197,-0.25285257805588657,1.0297171749162293,0.49566256864703173,0.34491378233027914,0.5506476653955981,1.3097637846375647,13
-0.6114217963383591,-0.45395437895764235,-0.2789830500314615,0.5767179914572501,-1.122808480157685,-0.3743051181921297,-2.0216778731924063,-0.17164653548813819,-0.1573803313198222,0.5385532875088825,-0.2185083370694357,-1.0630145705792504,0.0734333641512146,0,0.6601823293337999,1.5427923817978015,0.3749633842697951,-0.2826073044334395,-0.8123093913741105,1.9421788855636883,-0.3532468856456782,-0.19167997823848998,-1.1407972824811217,1.6079910942278326,-0.2423377175166058,-0.5458937625582472,-0.3532468856456782,1.8810798862519205,-1.531457092034337,-0.25968097836829673,-0.3421104893438741,0.7941368058034197,-0.25285257805588657,1.0297171749162293,0.49566256864703173,0.34491378233027914,0.5506476653955981,-0.7634964500692145,11
1.0316951635937113,-0.45395437895764235,0.6308661935384804,-0.7600319244561619,-1.122808480157685,-0.3743051181921297,-0.9745358622571536,-2.075896134322357,-0.1573803313198222,2.702770523380491,2.1190506314700777,0.3209301762731737,2.014267210337841,0,-1.5147330601973477,-0.6481753551535623,0.3749633842697951,-0.2826073044334395,1.2310580311134776,-0.5148856304808219,-0.3532468856456782,-0.19167997823848998,-1.1407972824811217,1.6079910942278326,-0.2423377175166058,-0.5458937625582472,-0.3532468856456782,1.8810798862519205,-1.531457092034337,-0.25968097836829673,-0.3421104893438741,-1.2592288793217572,-0.25285257805588657,-0.9711404493970425,0.49566256864703173,0.34491378233027914,0.5506476653955981,-0.7634964500692145,14
1.8532536435597464,0.4281306268612493,0.6308661935384804,-0.7600319244561619,0.08365294968062233,-0.3743051181921297,0.07260614867809903,-0.17164653548813819,1.5449502524562555,1.6206619054446871,0.5606779857770687,1.0129025496993858,2.661211825733383,1,0.6601823293337999,-0.6481753551535623,0.3749633842697951,-0.2826073044334395,1.2310580311134776,-0.5148856304808219,-0.3532468856456782,-0.19167997823848998,-1.1407972824811217,1.6079910942278326,-0.2423377175166058,1.8318582636182794,-0.3532468856456782,-0.5316095330711949,-1.531457092034337,3.8508788987298637,-0.3421104893438741,0.7941368058034197,-0.25285257805588657,1.0297171749162293,0.49566256864703173,0.34491378233027914,0.5506476653955981,-0.7634964500692145,12
-0.6114217963383591,1.310215632680141,-0.2789830500314615,0.5767179914572501,0.08365294968062233,-0.3743051181921297,1.1197481596133516,-0.17164653548813819,-0.1573803313198222,-0.5435553304269218,-0.9976946599159401,-1.7549869440054624,-0.35786304611248015,1,0.6601823293337999,-0.6481753551535623,0.3749633842697951,-0.2826073044334395,-0.8123093913741105,-0.5148856304808219,2.8308812919105044,-0.19167997823848998,-1.1407972824811217,1.6079910942278326,-0.2423377175166058,1.8318582636182794,-0.3532468856456782,-0.5316095330711949,0.6529729139662889,-0.25968097836829673,-0.3421104893438741,0.7941368058034197,-0.25285257805588657,1.0297171749162293,0.49566256864703173,0.34491378233027914,0.5506476653955981,-0.7634964500692145,14
-0.6114217963383591,-1.3360393847765342,0.6308661935384804,-0.7600319244561619,0.08365294968062233,-0.3743051181921297,0.07260614867809903,-0.17164653548813819,1.5449502524562555,-0.5435553304269218,-0.9976946599159401,-0.3710421971530383,-0.7891594563761749,1,0.6601823293337999,-0.6481753551535623,0.3749633842697951,-0.2826073044334395,-0.8123093913741105,-0.5148856304808219,-0.3532468856456782,-0.19167997823848998,-1.1407972824811217,1.6079910942278326,-0.2423377175166058,1.8318582636182794,-0.3532468856456782,-0.5316095330711949,0.6529729139662889,-0.25968097836829673,-0.3421104893438741,-1.2592288793217572,-0.25285257805588657,1.0297171749162293,-2.0175015489461217,0.34491378233027914,0.5506476653955981,1.3097637846375647,13
-1.4329802763043944,0.4281306268612493,-0.2789830500314615,-0.7600319244561619,0.08365294968062233,-0.3743051181921297,0.07260614867809903,0.7804782639289712,0.6937849605682166,-0.5435553304269218,-0.9976946599159401,1.0129025496993858,0.0734333641512146,1,0.6601823293337999,1.5427923817978015,0.3749633842697951,-0.2826073044334395,-0.8123093913741105,1.9421788855636883,-0.3532468856456782,-0.19167997823848998,0.8765799282280009,-0.6218939915710208,-0.2423377175166058,-0.5458937625582472,-0.3532468856456782,1.8810798862519205,0.6529729139662889,-0.25968097836829673,-0.3421104893438741,0.7941368058034197,-0.25285257805588657,-0.9711404493970425,0.49566256864703173,0.34491378233027914,0.5506476653955981,-0.7634964500692145,11
-0.6114217963383591,-1.3360393847765342,-2.098681537171345,0.5767179914572501,0.08365294968062233,-0.3743051181921297,0.07260614867809903,-0.17164653548813819,-1.0085456232078611,-0.5435553304269218,-0.9976946599159401,-0.3710421971530383,-0.7891594563761749,0,0.6601823293337999,-0.6481753551535623,0.3749633842697951,-0.2826073044334395,1.2310580311134776,-0.5148856304808219,-0.3532468856456782,-0.19167997823848998,0.8765799282280009,-0.6218939915710208,-0.2423377175166058,-0.5458937625582472,-0.3532468856456782,1.8810798862519205,0.6529729139662889,-0.25968097836829673,-0.3421104893438741,0.7941368058034197,-0.25285257805588657,1.0297171749162293,0.49566256864703173,0.34491378233027914,0.5506476653955981,1.3097637846375647,18
0.210136683627676,-0.45395437895764235,-1.1888322936014033,-0.7600319244561619,-1.122808480157685,-0.3743051181921297,0.07260614867809903,0.7804782639289712,-1.0085456232078611,0.5385532875088825,1.339864308623573,1.0129025496993858,-0.7891594563761749,0,-1.5147330601973477,-0.6481753551535623,0.3749633842697951,-0.2826073044334395,1.2310580311134776,-0.5148856304808219,-0.3532468856456782,-0.19167997823848998,0.8765799282280009,-0.6218939915710208,-0.2423377175166058,-0.5458937625582472,-0.3532468856456782,-0.5316095330711949,0.6529729139662889,-0.25968097836829673,-0.3421104893438741,-1.2592288793217572,-0.25285257805588657,-0.9711404493970425,-2.0175015489461217,0.34491378233027914,0.5506476653955981,-0.7634964500692145,13
0.210136683627676,1.310215632680141,-0.2789830500314615,-0.7600319244561619,2.496575809357237,-0.3743051181921297,0.07260614867809903,-1.1237713349052476,-0.1573803313198222,-0.5435553304269218,-0.9976946599159401,0.3209301762731737,-0.35786304611248015,1,0.6601823293337999,1.5427923817978015,0.3749633842697951,-0.2826073044334395,-0.8123093913741105,-0.5148856304808219,2.8308812919105044,-0.19167997823848998,-1.1407972824811217,1.6079910942278326,-0.2423377175166058,-0.5458937625582472,-0.3532468856456782,1.8810798862519205,0.6529729139662889,-0.25968097836829673,-0.3421104893438741,0.7941368058034197,-0.25285257805588657,1.0297171749162293,0.49566256864703173,0.34491378233027914,0.5506476653955981,-0.7634964500692145,17
-0.6114217963383591,-0.45395437895764235,0.6308661935384804,0.5767179914572501,1.2901143795189296,-0.3743051181921297,-0.9745358622571536,-1.1237713349052476,-0.1573803313198222,0.5385532875088825,-0.2185083370694357,-1.7549869440054624,0.0734333641512146,0,0.6601823293337999,-0.6481753551535623,0.3749633842697951,-0.2826073044334395,1.2310580311134776,-0.5148856304808219,-0.3532468856456782,-0.19167997823848998,0.8765799282280009,-0.6218939915710208,-0.2423377175166058,-0.5458937625582472,-0.3532468856456782,-0.5316095330711949,0.6529729139662889,-0.25968097836829673,-0.3421104893438741,0.7941368058034197,-0.25285257805588657,-0.9711404493970425,-2.0175015489461217,0.34491378233027914,0.5506476653955981,1.3097637846375647,13
0.210136683627676,0.4281306268612493,0.6308661935384804,-0.7600319244561619,0.08365294968062233,-0.3743051181921297,-0.9745358622571536,-0.17164653548813819,-0.1573803313198222,-0.5435553304269218,0.5606779857770687,-0.3710421971530383,1.367322594942299,1,0.6601823293337999,-0.6481753551535623,-2.666927070618917,3.5384789575936906,-0.8123093913741105,-0.5148856304808219,-0.3532468856456782,-0.19167997823848998,0.8765799282280009,-0.6218939915710208,-0.2423377175166058,-0.5458937625582472,-0.3532468856456782,1.8810798862519205,0.6529729139662889,-0.25968097836829673,-0.3421104893438741,0.7941368058034197,-0.25285257805588657,-0.9711404493970425,-2.0175015489461217,0.34491378233027914,0.5506476653955981,1.3097637846375647,14
-1.4329802763043944,1.310215632680141,1.5407154371084224,0.5767179914572501,0.08365294968062233,-0.3743051181921297,0.07260614867809903,0.7804782639289712,0.6937849605682166,0.5385532875088825,0.5606779857770687,1.0129025496993858,0.0734333641512146,1,0.6601823293337999,-0.6481753551535623,0.3749633842697951,-0.2826073044334395,-0.8123093913741105,1.9421788855636883,-0.3532468856456782,-0.19167997823848998,-1.1407972824811217,1.6079910942278326,-0.2423377175166058,-0.5458937625582472,-0.3532468856456782,1.8810798862519205,-1.531457092034337,-0.25968097836829673,-0.3421104893438741,-1.2592288793217572,-0.25285257805588657,-0.9711404493970425,0.49566256864703173,0.34491378233027914,0.5506476653955981,1.3097637846375647,12
0.210136683627676,-0.45395437895764235,-0.2789830500314615,-0.7600319244561619,2.496575809357237,-0.3743051181921297,-0.9745358622571536,0.7804782639289712,-1.8597109150959,-0.5435553304269218,-0.9976946599159401,-1.0630145705792504,-0.35786304611248015,1,0.6601823293337999,1.5427923817978015,0.3749633842697951,-0.2826073044334395,-0.8123093913741105,1.9421788855636883,-0.3532468856456782,-0.19167997823848998,-1.1407972824811217,1.6079910942278326,-0.2423377175166058,-0.5458937625582472,-0.3532468856456782,-0.5316095330711949,-1.531457092034337,-0.25968097836829673,-0.3421104893438741,-1.2592288793217572,-0.25285257805588657,1.0297171749162293,0.49566256864703173,0.34491378233027914,0.5506476653955981,1.3097637846375647,12
1.0316951635937113,0.4281306268612493,0.6308661935384804,-0.7600319244561619,0.08365294968062233,-0.3743051181921297,0.07260614867809903,-0.17164653548813819,-0.1573803313198222,-0.5435553304269218,0.5606779857770687,1.0129025496993858,0.9360261846786041,0,-1.5147330601973477,1.5427923817978015,0.3749633842697951,-0.2826073044334395,1.2310580311134776,-0.5148856304808219,-0.3532468856456782,-0.19167997823848998,-1.1407972824811217,1.6079910942278326,-0.2423377175166058,-0.5458937625582472,-0.3532468856456782,-0.5316095330711949,0.6529729139662889,-0.25968097836829673,-0.3421104893438741,0.7941368058034197,-0.25285257805588657,-0.9711404493970425,0.49566256864703173,0.34491378233027914,0.5506476653955981,1.3097637846375647,10
0.210136683627676,-1.3360393847765342,-0.2789830500314615,-0.7600319244561619,-1.122808480157685,1.3126672547710103,1.1197481596133516,-0.17164653548813819,1.5449502524562555,3.7848791413162957,2.1190506314700777,-1.7549869440054624,1.7986190052059936,0,0.6601823293337999,-0.6481753551535623,0.3749633842697951,-0.2826073044334395,1.2310580311134776,-0.5148856304808219,-0.3532468856456782,-0.19167997823848998,0.8765799282280009,-0.6218939915710208,-0.2423377175166058,-0.5458937625582472,-0.3532468856456782,-0.5316095330711949,-1.531457092034337,-0.25968097836829673,-0.3421104893438741,0.7941368058034197,-0.25285257805588657,1.0297171749162293,0.49566256864703173,-2.8992752717617685,0.5506476653955981,1.3097637846375647,7
1.0316951635937113,-1.3360393847765342,-1.1888322936014033,0.5767179914572501,-1.122808480157685,1.3126672547710103,1.1197481596133516,-0.17164653548813819,-0.1573803313198222,0.5385532875088825,0.5606779857770687,1.0129025496993858,-0.35786304611248015,0,-1.5147330601973477,-0.6481753551535623,0.3749633842697951,-0.2826073044334395,-0.8123093913741105,1.9421788855636883,-0.3532468856456782,-0.19167997823848998,0.8765799282280009,-0.6218939915710208,-0.2423377175166058,-0.5458937625582472,-0.3532468856456782,-0.5316095330711949,-1.531457092034337,3.8508788987298637,-0.3421104893438741,0.7941368058034197,-0.25285257805588657,-0.9711404493970425,0.49566256864703173,-2.8992752717617685,0.5506476653955981,1.3097637846375647,9
-1.4329802763043944,-0.45395437895764235,-1.1888322936014033,-0.7600319244561619,0.08365294968062233,-0.3743051181921297,1.1197481596133516,0.7804782639289712,-1.0085456232078611,-0.5435553304269218,-0.9976946599159401,1.0129025496993858,0.0734333641512146,0,-1.5147330601973477,-0.6481753551535623,0.3749633842697951,3.5384789575936906,-0.8123093913741105,-0.5148856304808219,-0.3532468856456782,-0.19167997823848998,-1.1407972824811217,1.6079910942278326,-0.2423377175166058,-0.5458937625582472,-0.3532468856456782,1.8810798862519205,0.6529729139662889,-0.25968097836829673,-0.3421104893438741,-1.2592288793217572,-0.25285257805588657,1.0297171749162293,0.49566256864703173,0.34491378233027914,0.5506476653955981,1.3097637846375647,10
-0.6114217963383591,-0.45395437895764235,-0.2789830500314615,-0.7600319244561619,2.496575809357237,-0.3743051181921297,1.1197481596133516,-1.1237713349052476,-0.1573803313198222,-0.5435553304269218,0.5606779857770687,-0.3710421971530383,-0.5735112512443276,1,0.6601823293337999,-0.6481753551535623,0.3749633842697951,-0.2826073044334395,1.2310580311134776,-0.5148856304808219,-0.3532468856456782,-0.19167997823848998,0.8765799282280009,-0.6218939915710208,-0.2423377175166058,-0.5458937625582472,-0.3532468856456782,1.8810798862519205,0.6529729139662889,-0.25968097836829673,-0.3421104893438741,-1.2592288793217572,-0.25285257805588657,-0.9711404493970425,0.49566256864703173,0.34491378233027914,0.5506476653955981,1.3097637846375647,13
1.0316951635937113,0.4281306268612493,0.6308661935384804,-0.7600319244561619,0.08365294968062233,2.9996396277341506,0.07260614867809903,0.7804782639289712,1.5449502524562555,-0.5435553304269218,0.5606779857770687,-0.3710421971530383,1.1516743898104516,0,0.6601823293337999,-0.6481753551535623,0.3749633842697951,-0.2826073044334395,-0.8123093913741105,-0.5148856304808219,-0.3532468856456782,-0.19167997823848998,-1.1407972824811217,-0.6218939915710208,-0.2423377175166058,-0.5458937625582472,-0.3532468856456782,-0.5316095330711949,0.6529729139662889,-0.25968097836829673,-0.3421104893438741,0.7941368058034197,-0.25285257805588657,1.0297171749162293,0.49566256864703173,-2.8992752717617685,0.5506476653955981,-0.7634964500692145,8
1.0316951635937113,0.4281306268612493,-0.2789830500314615,0.5767179914572501,1.2901143795189296,2.9996396277341506,-0.9745358622571536,-0.17164653548813819,-1.0085456232078611,-0.5435553304269218,-0.9976946599159401,-1.0630145705792504,0.5047297744149093,1,-1.5147330601973477,1.5427923817978015,-2.666927070618917,-0.2826073044334395,1.2310580311134776,-0.5148856304808219,-0.3532468856456782,-0.19167997823848998,0.8765799282280009,-0.6218939915710208,-0.2423377175166058,-0.5458937625582472,-0.3532468856456782,-0.5316095330711949,-1.531457092034337,3.8508788987298637,-0.3421104893438741,0.7941368058034197,-0.25285257805588657,-0.9711404493970425,-2.0175015489461217,-2.8992752717617685,-1.8160432938212439,1.3097637846375647,10
1.0316951635937113,-1.3360393847765342,-1.1888322936014033,0.5767179914572501,1.2901143795189296,-0.3743051181921297,1.1197481596133516,-0.17164653548813819,-1.0085456232078611,-0.5435553304269218,-0.9976946599159401,0.3209301762731737,-0.7891594563761749,1,0.6601823293337999,1.5427923817978015,0.3749633842697951,-0.2826073044334395,-0.8123093913741105,-0.5148856304808219,-0.3532468856456782,-0.19167997823848998,-1.1407972824811217,1.6079910942278326,-0.2423377175166058,-0.5458937625582472,-0.3532468856456782,-0.5316095330711949,-1.531457092034337,-0.25968097836829673,-0.3421104893438741,-1.2592288793217572,-0.25285257805588657,-0.9711404493970425,0.49566256864703173,0.34491378233027914,0.5506476653955981,-0.7634964500692145,18
1.0316951635937113,-0.45395437895764235,-1.1888322936014033,0.5767179914572501,0.08365294968062233,-0.3743051181921297,0.07260614867809903,-0.17164653548813819,-1.8597109150959,-0.5435553304269218,-0.9976946599159401,1.0129025496993858,1.367322594942299,1,0.6601823293337999,-0.6481753551535623,0.3749633842697951,-0.2826073044334395,1.2310580311134776,-0.5148856304808219,-0.3532468856456782,-0.19167997823848998,0.8765799282280009,-0.6218939915710208,-0.2423377175166058,-0.5458937625582472,-0.3532468856456782,1.8810798862519205,0.6529729139662889,-0.25968097836829673,-0.3421104893438741,-1.2592288793217572,-0.25285257805588657,1.0297171749162293,0.49566256864703173,0.34491378233027914,0.5506476653955981,1.3097637846375647,14
-1.4329802763043944,0.4281306268612493,-0.2789830500314615,0.5767179914572501,0.08365294968062233,-0.3743051181921297,0.07260614867809903,-0.17164653548813819,1.5449502524562555,-0.5435553304269218,-0.9976946599159401,-1.0630145705792504,2.661211825733383,1,0.6601823293337999,-0.6481753551535623,0.3749633842697951,-0.2826073044334395,-0.8123093913741105,1.9421788855636883,-0.3532468856456782,-0.19167997823848998,0.8765799282280009,-0.6218939915710208,-0.2423377175166058,1.8318582636182794,-0.3532468856456782,-0.5316095330711949,0.6529729139662889,-0.25968097836829673,2.9230322692469244,0.7941368058034197,-0.25285257805588657,-0.9711404493970425,0.49566256864703173,0.34491378233027914,0.5506476653955981,-0.7634964500692145,10
0.210136683627676,-1.3360393847765342,-2.098681537171345,0.5767179914572501,0.08365294968062233,-0.3743051181921297,0.07260614867809903,0.7804782639289712,1.5449502524562555,-0.5435553304269218,-0.9976946599159401,0.3209301762731737,-0.5735112512443276,1,0.6601823293337999,-0.6481753551535623,-2.666927070618917,-0.2826073044334395,1.2310580311134776,-0.5148856304808219,-0.3532468856456782,-0.19167997823848998,0.8765799282280009,-0.6218939915710208,-0.2423377175166058,-0.5458937625582472,2.8308812919105044,-0.5316095330711949,0.6529729139662889,-0.25968097836829673,-0.3421104893438741,-1.2592288793217572,-0.25285257805588657,-0.9711404493970425,0.49566256864703173,0.34491378233027914,0.5506476653955981,1.3097637846375647,10
1.0316951635937113,-1.3360393847765342,-1.1888322936014033,-0.7600319244561619,-1.122808480157685,2.9996396277341506,-2.0216778731924063,-0.17164653548813819,1.5449502524562555,0.5385532875088825,2.1190506314700777,0.3209301762731737,-0.7891594563761749,0,0.6601823293337999,1.5427923817978015,0.3749633842697951,-0.2826073044334395,1.2310580311134776,-0.5148856304808219,-0.3532468856456782,-0.19167997823848998,0.8765799282280009,-0.6218939915710208,-0.2423377175166058,-0.5458937625582472,-0.3532468856456782,-0.5316095330711949,0.6529729139662889,-0.25968097836829673,-0.3421104893438741,-1.2592288793217572,-0.25285257805588657,-0.9711404493970425,0.49566256864703173,-2.8992752717617685,0.5506476653955981,1.3097637846375647,0
0.210136683627676,-0.45395437895764235,-1.1888322936014033,-0.7600319244561619,-1.122808480157685,-0.3743051181921297,1.1197481596133516,0.7804782639289712,1.5449502524562555,-0.5435553304269218,-0.2185083370694357,1.0129025496993858,3.9551010565244673,0,0.6601823293337999,-0.6481753551535623,0.3749633842697951,-0.2826073044334395,1.2310580311134776,-0.5148856304808219,-0.3532468856456782,-0.19167997823848998,0.8765799282280009,-0.6218939915710208,-0.2423377175166058,1.8318582636182794,-0.3532468856456782,-0.5316095330711949,0.6529729139662889,-0.25968097836829673,-0.3421104893438741,0.7941368058034197,-0.25285257805588657,-0.9711404493970425,0.49566256864703173,0.34491378233027914,0.5506476653955981,-0.7634964500692145,6
-1.4329802763043944,-1.3360393847765342,-0.2789830500314615,0.5767179914572501,-1.122808480157685,-0.3743051181921297,1.1197481596133516,-2.075896134322357,-1.0085456232078611,-0.5435553304269218,-0.9976946599159401,-1.7549869440054624,-0.14221484098063278,1,-1.5147330601973477,-0.6481753551535623,0.3749633842697951,-0.2826073044334395,1.2310580311134776,-0.5148856304808219,-0.3532468856456782,-0.19167997823848998,-1.1407972824811217,1.6079910942278326,-0.2423377175166058,-0.5458937625582472,-0.3532468856456782,-0.5316095330711949,0.6529729139662889,-0.25968097836829673,-0.3421104893438741,-1.2592288793217572,-0.25285257805588657,-0.9711404493970425,0.49566256864703173,0.34491378233027914,-1.8160432938212439,-0.7634964500692145,13
1.8532536435597464,-1.3360393847765342,-1.1888322936014033,1.913467907370662,0.08365294968062233,1.3126672547710103,1.1197481596133516,0.7804782639289712,0.6937849605682166,1.6206619054446871,0.5606779857770687,-1.0630145705792504,0.9360261846786041,0,-1.5147330601973477,-0.6481753551535623,0.3749633842697951,-0.2826073044334395,1.2310580311134776,-0.5148856304808219,-0.3532468856456782,-0.19167997823848998,-1.1407972824811217,1.6079910942278326,-0.2423377175166058,1.8318582636182794,-0.3532468856456782,-0.5316095330711949,-1.531457092034337,3.8508788987298637,-0.3421104893438741,-1.2592288793217572,-0.25285257805588657,-0.9711404493970425,0.49566256864703173,0.34491378233027914,0.5506476653955981,-0.7634964500692145,11
0.210136683627676,0.4281306268612493,-1.1888322936014033,0.5767179914572501,1.2901143795189296,-0.3743051181921297,0.07260614867809903,-1.1237713349052476,-0.1573803313198222,0.5385532875088825,-0.2185083370694357,-0.3710421971530383,0.28908156928306195,1,-1.5147330601973477,1.5427923817978015,-2.666927070618917,-0.2826073044334395,1.2310580311134776,-0.5148856304808219,-0.3532468856456782,-0.19167997823848998,-1.1407972824811217,-0.6218939915710208,-0.2423377175166058,-0.5458937625582472,-0.3532468856456782,-0.5316095330711949,-1.531457092034337,3.8508788987298637,-0.3421104893438741,0.7941368058034197,3.9548736567715594,-0.9711404493970425,0.49566256864703173,-2.8992752717617685,-1.8160432938212439,-0.7634964500692145,8
-0.6114217963383591,1.310215632680141,0.6308661935384804,-0.7600319244561619,2.496575809357237,-0.3743051181921297,0.07260614867809903,-1.1237713349052476,-1.0085456232078611,-0.5435553304269218,-0.9976946599159401,-1.0630145705792504,-0.35786304611248015,0,0.6601823293337999,-0.6481753551535623,0.3749633842697951,3.5384789575936906,-0.8123093913741105,-0.5148856304808219,-0.3532468856456782,-0.19167997823848998,-1.1407972824811217,1.6079910942278326,-0.2423377175166058,-0.5458937625582472,-0.3532468856456782,1.8810798862519205,0.6529729139662889,-0.25968097836829673,-0.3421104893438741,-1.2592288793217572,-0.25285257805588657,1.0297171749162293,0.49566256864703173,0.34491378233027914,0.5506476653955981,-0.7634964500692145,17
-0.6114217963383591,1.310215632680141,-1.1888322936014033,0.5767179914572501,0.08365294968062233,-0.3743051181921297,-3.068819884127659,-1.1237713349052476,0.6937849605682166,0.5385532875088825,-0.2185083370694357,-1.7549869440054624,0.9360261846786041,1,0.6601823293337999,1.5427923817978015,0.3749633842697951,-0.2826073044334395,1.2310580311134776,-0.5148856304808219,-0.3532468856456782,-0.19167997823848998,0.8765799282280009,-0.6218939915710208,-0.2423377175166058,1.8318582636182794,-0.3532468856456782,-0.5316095330711949,0.6529729139662889,-0.25968097836829673,-0.3421104893438741,0.7941368058034197,-0.25285257805588657,1.0297171749162293,0.49566256864703173,0.34491378233027914,0.5506476653955981,-0.7634964500692145,10
1.0316951635937113,-1.3360393847765342,-0.2789830500314615,-0.7600319244561619,0.08365294968062233,1.3126672547710103,-0.9745358622571536,0.7804782639289712,0.6937849605682166,0.5385532875088825,0.5606779857770687,1.0129025496993858,1.1516743898104516,1,0.6601823293337999,-0.6481753551535623,0.3749633842697951,-0.2826073044334395,1.2310580311134776,-0.5148856304808219,-0.3532468856456782,-0.19167997823848998,0.8765799282280009,-0.6218939915710208,-0.2423377175166058,-0.5458937625582472,-0.3532468856456782,-0.5316095330711949,-1.531457092034337,-0.25968097836829673,-0.3421104893438741,0.7941368058034197,-0.25285257805588657,1.0297171749162293,0.49566256864703173,0.34491378233027914,0.5506476653955981,1.3097637846375647,8
0.210136683627676,0.4281306268612493,-1.1888322936014033,-0.7600319244561619,0.08365294968062233,-0.3743051181921297,1.1197481596133516,0.7804782639289712,0.6937849605682166,1.6206619054446871,1.339864308623573,1.0129025496993858,-0.7891594563761749,0,0.6601823293337999,-0.6481753551535623,0.3749633842697951,-0.2826073044334395,-0.8123093913741105,1.9421788855636883,-0.3532468856456782,-0.19167997823848998,0.8765799282280009,-0.6218939915710208,-0.2423377175166058,-0.5458937625582472,2.8308812919105044,-0.5316095330711949,0.6529729139662889,-0.25968097836829673,-0.3421104893438741,-1.2592288793217572,-0.25285257805588657,1.0297171749162293,0.49566256864703173,0.34491378233027914,0.5506476653955981,1.3097637846375647,14
1.8532536435597464,1.310215632680141,1.5407154371084224,-0.7600319244561619,-1.122808480157685,1.3126672547710103,-0.9745358622571536,-1.1237713349052476,1.5449502524562555,2.702770523380491,1.339864308623573,1.0129025496993858,0.28908156928306195,1,0.6601823293337999,-0.6481753551535623,0.3749633842697951,-0.2826073044334395,-0.8123093913741105,-0.5148856304808219,2.8308812919105044,-0.19167997823848998,0.8765799282280009,-0.6218939915710208,-0.2423377175166058,1.8318582636182794,-0.3532468856456782,-0.5316095330711949,-1.531457092034337,3.8508788987298637,-0.3421104893438741,0.7941368058034197,-0.25285257805588657,-0.9711404493970425,0.49566256864703173,0.34491378233027914,0.5506476653955981,1.3097637846375647,11
1.0316951635937113,1.310215632680141,-0.2789830500314615,-0.7600319244561619,0.08365294968062233,-0.3743051181921297,0.07260614867809903,-0.17164653548813819,-1.0085456232078611,-0.5435553304269218,1.339864308623573,1.0129025496993858,-0.35786304611248015,0,0.6601823293337999,-0.6481753551535623,0.3749633842697951,-0.2826073044334395,-0.8123093913741105,-0.5148856304808219,2.8308812919105044,-0.19167997823848998,0.8765799282280009,-0.6218939915710208,-0.2423377175166058,1.8318582636182794,-0.3532468856456782,-0.5316095330711949,0.6529729139662889,-0.25968097836829673,-0.3421104893438741,0.7941368058034197,-0.25285257805588657,1.0297171749162293,0.49566256864703173,0.34491378233027914,0.5506476653955981,1.3097637846375647,16
1.0316951635937113,1.310215632680141,1.5407154371084224,0.5767179914572501,1.2901143795189296,-0.3743051181921297,0.07260614867809903,-1.1237713349052476,-1.0085456232078611,0.5385532875088825,-0.2185083370694357,1.0129025496993858,-0.7891594563761749,0,0.6601823293337999,1.5427923817978015,0.3749633842697951,-0.2826073044334395,-0.8123093913741105,-0.5148856304808219,2.8308812919105044,-0.19167997823848998,-1.1407972824811217,1.6079910942278326,-0.2423377175166058,-0.5458937625582472,2.8308812919105044,-0.5316095330711949,0.6529729139662889,-0.25968097836829673,-0.3421104893438741,-1.2592288793217572,-0.25285257805588657,-0.9711404493970425,0.49566256864703173,0.34491378233027914,0.5506476653955981,1.3097637846375647,16
-0.6114217963383591,-0.45395437895764235,-0.2789830500314615,1.913467907370662,0.08365294968062233,-0.3743051181921297,0.07260614867809903,-0.17164653548813819,-0.1573803313198222,0.5385532875088825,0.5606779857770687,0.3209301762731737,-0.7891594563761749,1,0.6601823293337999,1.5427923817978015,0.3749633842697951,-0.2826073044334395,-0.8123093913741105,1.9421788855636883,-0.3532468856456782,-0.19167997823848998,-1.1407972824811217,1.6079910942278326,-0.2423377175166058,-0.5458937625582472,-0.3532468856456782,-0.5316095330711949,0.6529729139662889,-0.25968097836829673,-0.3421104893438741,0.7941368058034197,-0.25285257805588657,-0.9711404493970425,0.49566256864703173,0.34491378233027914,0.5506476653955981,-0.7634964500692145,13
0.210136683627676,1.310215632680141,1.5407154371084224,-0.7600319244561619,-1.122808480157685,-0.3743051181921297,1.1197481596133516,-0.17164653548813819,0.6937849605682166,-0.5435553304269218,-0.2185083370694357,1.0129025496993858,-0.35786304611248015,1,0.6601823293337999,-0.6481753551535623,0.3749633842697951,3.5384789575936906,-0.8123093913741105,-0.5148856304808219,-0.3532468856456782,5.217028972925858,-1.1407972824811217,-0.6218939915710208,-0.2423377175166058,-0.5458937625582472,-0.3532468856456782,-0.5316095330711949,0.6529729139662889,-0.25968097836829673,-0.3421104893438741,-1.2592288793217572,-0.25285257805588657,1.0297171749162293,0.49566256864703173,0.34491378233027914,0.5506476653955981,-0.7634964500692145,17
0.210136683627676,0.4281306268612493,-1.1888322936014033,-0.7600319244561619,-1.122808480157685,1.3126672547710103,0.07260614867809903,-2.075896134322357,-1.0085456232078611,-0.5435553304269218,-0.9976946599159401,-0.3710421971530383,0.5047297744149093,1,0.6601823293337999,-0.6481753551535623,0.3749633842697951,-0.2826073044334395,1.2310580311134776,-0.5148856304808219,-0.3532468856456782,-0.19167997823848998,-1.1407972824811217,-0.6218939915710208,-0.2423377175166058,1.8318582636182794,-0.3532468856456782,-0.5316095330711949,0.6529729139662889,-0.25968097836829673,-0.3421104893438741,0.7941368058034197,3.9548736567715594,-0.9711404493970425,0.49566256864703173,0.34491378233027914,0.5506476653955981,1.3097637846375647,13
-1.4329802763043944,0.4281306268612493,1.5407154371084224,-0.7600319244561619,0.08365294968062233,-0.3743051181921297,1.1197481596133516,0.7804782639289712,0.6937849605682166,-0.5435553304269218,-0.9976946599159401,-1.7549869440054624,-0.7891594563761749,0,0.6601823293337999,-0.6481753551535623,-2.666927070618917,-0.2826073044334395,-0.8123093913741105,1.9421788855636883,-0.3532468856456782,-0.19167997823848998,0.8765799282280009,-0.6218939915710208,-0.2423377175166058,-0.5458937625582472,-0.3532468856456782,-0.5316095330711949,0.6529729139662889,-0.25968097836829673,-0.3421104893438741,0.7941368058034197,-0.25285257805588657,1.0297171749162293,0.49566256864703173,0.34491378233027914,0.5506476653955981,-0.7634964500692145,16
0.210136683627676,1.310215632680141,-1.1888322936014033,-0.7600319244561619,-1.122808480157685,-0.3743051181921297,0.07260614867809903,-1.1237713349052476,-0.1573803313198222,-0.5435553304269218,-0.2185083370694357,1.0129025496993858,-0.5735112512443276,1,-1.5147330601973477,-0.6481753551535623,0.3749633842697951,-0.2826073044334395,1.2310580311134776,-0.5148856304808219,-0.3532468856456782,-0.19167997823848998,0.8765799282280009,-0.6218939915710208,-0.2423377175166058,-0.5458937625582472,2.8308812919105044,-0.5316095330711949,0.6529729139662889,-0.25968097836829673,-0.3421104893438741,-1.2592288793217572,-0.25285257805588657,-0.9711404493970425,0.49566256864703173,0.34491378233027914,0.5506476653955981,1.3097637846375647,14
1.0316951635937113,-0.45395437895764235,-0.2789830500314615,-0.7600319244561619,-1.122808480157685,1.3126672547710103,0.07260614867809903,0.7804782639289712,-0.1573803313198222,0.5385532875088825,-0.2185083370694357,-1.7549869440054624,4.817693877051857,0,0.6601823293337999,-0.6481753551535623,0.3749633842697951,-0.2826073044334395,1.2310580311134776,-0.5148856304808219,-0.3532468856456782,-0.19167997823848998,-1.1407972824811217,-0.6218939915710208,-0.2423377175166058,-0.5458937625582472,-0.3532468856456782,-0.5316095330711949,-1.531457092034337,3.8508788987298637,-0.3421104893438741,0.7941368058034197,-0.25285257805588657,1.0297171749162293,-2.0175015489461217,-2.8992752717617685,0.5506476653955981,1.3097637846375647,8
-0.6114217963383591,-1.3360393847765342,-1.1888322936014033,-0.7600319244561619,0.08365294968062233,-0.3743051181921297,1.1197481596133516,0.7804782639289712,-0.1573803313198222,0.5385532875088825,-0.9976946599159401,-1.0630145705792504,-0.7891594563761749,1,0.6601823293337999,-0.6481753551535623,0.3749633842697951,-0.2826073044334395,-0.8123093913741105,-0.5148856304808219,-0.3532468856456782,-0.19167997823848998,0.8765799282280009,-0.6218939915710208,-0.2423377175166058,-0.5458937625582472,-0.3532468856456782,-0.5316095330711949,-1.531457092034337,-0.25968097836829673,-0.3421104893438741,0.7941368058034197,-0.25285257805588657,-0.9711404493970425,-2.0175015489461217,0.34491378233027914,-1.8160432938212439,1.3097637846375647,15
-1.4329802763043944,1.310215632680141,-0.2789830500314615,-0.7600319244561619,2.496575809357237,-0.3743051181921297,-0.9745358622571536,-0.17164653548813819,-0.1573803313198222,-0.5435553304269218,-0.9976946599159401,-0.3710421971530383,-0.7891594563761749,0,0.6601823293337999,-0.6481753551535623,0.3749633842697951,-0.2826073044334395,1.2310580311134776,-0.5148856304808219,-0.3532468856456782,-0.19167997823848998,0.8765799282280009,-0.6218939915710208,-0.2423377175166058,-0.5458937625582472,-0.3532468856456782,-0.5316095330711949,0.6529729139662889,-0.25968097836829673,-0.3421104893438741,-1.2592288793217572,-0.25285257805588657,-0.9711404493970425,0.49566256864703173,0.34491378233027914,0.5506476653955981,-0.7634964500692145,10
-1.4329802763043944,-0.45395437895764235,-0.2789830500314615,1.913467907370662,2.496575809357237,-0.3743051181921297,1.1197481596133516,0.7804782639289712,1.5449502524562555,0.5385532875088825,0.5606779857770687,1.0129025496993858,0.9360261846786041,0,0.6601823293337999,1.5427923817978015,-2.666927070618917,-0.2826073044334395,1.2310580311134776,-0.5148856304808219,-0.3532468856456782,-0.19167997823848998,0.8765799282280009,-0.6218939915710208,-0.2423377175166058,-0.5458937625582472,-0.3532468856456782,1.8810798862519205,0.6529729139662889,-0.25968097836829673,-0.3421104893438741,0.7941368058034197,-0.25285257805588657,1.0297171749162293,0.49566256864703173,0.34491378233027914,-1.8160432938212439,-0.7634964500692145,14
-1.4329802763043944,1.310215632680141,-0.2789830500314615,-0.7600319244561619,0.08365294968062233,-0.3743051181921297,0.07260614867809903,-0.17164653548813819,-0.1573803313198222,-0.5435553304269218,-0.9976946599159401,1.0129025496993858,-0.7891594563761749,1,0.6601823293337999,1.5427923817978015,0.3749633842697951,3.5384789575936906,-0.8123093913741105,-0.5148856304808219,-0.3532468856456782,-0.19167997823848998,0.8765799282280009,-0.6218939915710208,-0.2423377175166058,-0.5458937625582472,2.8308812919105044,-0.5316095330711949,0.6529729139662889,-0.25968097836829673,-0.3421104893438741,0.7941368058034197,-0.25285257805588657,-0.9711404493970425,0.49566256864703173,0.34491378233027914,0.5506476653955981,-0.7634964500692145,16
-0.6114217963383591,1.310215632680141,1.5407154371084224,-0.7600319244561619,0.08365294968062233,-0.3743051181921297,0.07260614867809903,0.7804782639289712,-1.0085456232078611,-0.5435553304269218,-0.9976946599159401,-0.3710421971530383,-0.7891594563761749,1,0.6601823293337999,-0.6481753551535623,0.3749633842697951,3.5384789575936906,-0.8123093913741105,-0.5148856304808219,-0.3532468856456782,5.217028972925858,-1.1407972824811217,-0.6218939915710208,-0.2423377175166058,-0.5458937625582472,-0.3532468856456782,1.8810798862519205,0.6529729139662889,-0.25968097836829673,-0.3421104893438741,0.7941368058034197,-0.25285257805588657,-0.9711404493970425,0.49566256864703173,0.34491378233027914,0.5506476653955981,1.3097637846375647,17
1.0316951635937113,-0.45395437895764235,-1.1888322936014033,-0.7600319244561619,1.2901143795189296,-0.3743051181921297,0.07260614867809903,-1.1237713349052476,0.6937849605682166,-0.5435553304269218,0.5606779857770687,-1.0630145705792504,-0.7891594563761749,0,0.6601823293337999,-0.6481753551535623,0.3749633842697951,-0.2826073044334395,-0.8123093913741105,1.9421788855636883,-0.3532468856456782,-0.19167997823848998,-1.1407972824811217,1.6079910942278326,-0.2423377175166058,-0.5458937625582472,-0.3532468856456782,1.8810798862519205,0.6529729139662889,-0.25968097836829673,-0.3421104893438741,-1.2592288793217572,-0.25285257805588657,1.0297171749162293,0.49566256864703173,0.34491378233027914,0.5506476653955981,-0.7634964500692145,15
-1.4329802763043944,-0.45395437895764235,-0.2789830500314615,-0.7600319244561619,-1.122808480157685,-0.3743051181921297,1.1197481596133516,0.7804782639289712,-1.8597109150959,-0.5435553304269218,-0.9976946599159401,-1.7549869440054624,-0.7891594563761749,0,0.6601823293337999,-0.6481753551535623,0.3749633842697951,-0.2826073044334395,-0.8123093913741105,1.9421788855636883,-0.3532468856456782,-0.19167997823848998,-1.1407972824811217,1.6079910942278326,-0.2423377175166058,-0.5458937625582472,-0.3532468856456782,-0.5316095330711949,-1.531457092034337,-0.25968097836829673,2.9230322692469244,0.7941368058034197,-0.25285257805588657,-0.9711404493970425,0.49566256864703173,0.34491378233027914,0.5506476653955981,-0.7634964500692145,10
0.210136683627676,-1.3360393847765342,-1.1888322936014033,0.5767179914572501,1.2901143795189296,-0.3743051181921297,0.07260614867809903,-0.17164653548813819,-0.1573803313198222,-0.5435553304269218,-0.9976946599159401,-1.7549869440054624,-0.35786304611248015,0,-1.5147330601973477,-0.6481753551535623,0.3749633842697951,-0.2826073044334395,1.2310580311134776,-0.5148856304808219,-0.3532468856456782,-0.19167997823848998,0.8765799282280009,-0.6218939915710208,-0.2423377175166058,1.8318582636182794,-0.3532468856456782,-0.5316095330711949,-1.531457092034337,-0.25968097836829673,-0.3421104893438741,-1.2592288793217572,-0.25285257805588657,-0.9711404493970425,-2.0175015489461217,0.34491378233027914,0.5506476653955981,1.3097637846375647,15
-0.6114217963383591,-1.3360393847765342,-0.2789830500314615,-0.7600319244561619,1.2901143795189296,1.3126672547710103,-3.068819884127659,-0.17164653548813819,-1.0085456232078611,-0.5435553304269218,-0.2185083370694357,0.3209301762731737,-0.7891594563761749,1,0.6601823293337999,-0.6481753551535623,0.3749633842697951,-0.2826073044334395,1.2310580311134776,-0.5148856304808219,-0.3532468856456782,-0.19167997823848998,-1.1407972824811217,1.6079910942278326,-0.2423377175166058,-0.5458937625582472,-0.3532468856456782,-0.5316095330711949,0.6529729139662889,-0.25968097836829673,-0.3421104893438741,0.7941368058034197,-0.25285257805588657,-0.9711404493970425,0.49566256864703173,0.34491378233027914,-1.8160432938212439,-0.7634964500692145,8
1.0316951635937113,-0.45395437895764235,-0.2789830500314615,0.5767179914572501,2.496575809357237,-0.3743051181921297,0.07260614867809903,0.7804782639289712,0.6937849605682166,-0.5435553304269218,-0.9976946599159401,0.3209301762731737,0.5047297744149093,1,-1.5147330601973477,-0.6481753551535623,0.3749633842697951,-0.2826073044334395,-0.8123093913741105,-0.5148856304808219,-0.3532468856456782,-0.19167997823848998,0.8765799282280009,-0.6218939915710208,-0.2423377175166058,-0.5458937625582472,-0.3532468856456782,-0.5316095330711949,0.6529729139662889,-0.25968097836829673,-0.3421104893438741,-1.2592288793217572,-0.25285257805588657,1.0297171749162293,0.49566256864703173,0.34491378233027914,-1.8160432938212439,-0.7634964500692145,14
-0.6114217963383591,-1.3360393847765342,-1.1888322936014033,1.913467907370662,0.08365294968062233,-0.3743051181921297,1.1197481596133516,-0.17164653548813819,-1.0085456232078611,-0.5435553304269218,-0.9976946599159401,-1.7549869440054624,-0.7891594563761749,1,-1.5147330601973477,1.5427923817978015,0.3749633842697951,-0.2826073044334395,-0.8123093913741105,-0.5148856304808219,-0.3532468856456782,-0.19167997823848998,0.8765799282280009,-0.6218939915710208,-0.2423377175166058,-0.5458937625582472,-0.3532468856456782,-0.5316095330711949,-1.531457092034337,-0.25968097836829673,-0.3421104893438741,0.7941368058034197,-0.25285257805588657,-0.9711404493970425,0.49566256864703173,0.34491378233027914,-1.8160432938212439,-0.7634964500692145,18
-0.6114217963383591,0.4281306268612493,0.6308661935384804,0.5767179914572501,-1.122808480157685,-0.3743051181921297,0.07260614867809903,-0.17164653548813819,-1.0085456232078611,-0.5435553304269218,-0.9976946599159401,1.0129025496993858,0.0734333641512146,1,0.6601823293337999,-0.6481753551535623,-2.666927070618917,-0.2826073044334395,1.2310580311134776,-0.5148856304808219,-0.3532468856456782,-0.19167997823848998,0.8765799282280009,-0.6218939915710208,-0.2423377175166058,-0.5458937625582472,-0.3532468856456782,-0.5316095330711949,-1.531457092034337,3.8508788987298637,-0.3421104893438741,0.7941368058034197,-0.25285257805588657,1.0297171749162293,-2.0175015489461217,0.34491378233027914,0.5506476653955981,1.3097637846375647,10
-0.6114217963383591,-1.3360393847765342,-1.1888322936014033,1.913467907370662,0.08365294968062233,-0.3743051181921297,0.07260614867809903,-0.17164653548813819,-1.0085456232078611,-0.5435553304269218,0.5606779857770687,1.0129025496993858,0.5047297744149093,1,0.6601823293337999,1.5427923817978015,0.3749633842697951,-0.2826073044334395,-0.8123093913741105,-0.5148856304808219,-0.3532468856456782,-0.19167997823848998,0.8765799282280009,-0.6218939915710208,-0.2423377175166058,-0.5458937625582472,2.8308812919105044,-0.5316095330711949,0.6529729139662889,-0.25968097836829673,-0.3421104893438741,0.7941368058034197,-0.25285257805588657,-0.9711404493970425,0.49566256864703173,0.34491378233027914,0.5506476653955981,-0.7634964500692145,8
0.210136683627676,-0.45395437895764235,0.6308661935384804,0.5767179914572501,0.08365294968062233,-0.3743051181921297,0.07260614867809903,-1.1237713349052476,-1.8597109150959,-0.5435553304269218,-0.9976946599159401,-0.3710421971530383,-0.35786304611248015,1,0.6601823293337999,-0.6481753551535623,0.3749633842697951,-0.2826073044334395,1.2310580311134776,-0.5148856304808219,-0.3532468856456782,-0.19167997823848998,0.8765799282280009,-0.6218939915710208,-0.2423377175166058,-0.5458937625582472,-0.3532468856456782,-0.5316095330711949,-1.531457092034337,-0.25968097836829673,-0.3421104893438741,-1.2592288793217572,-0.25285257805588657,1.0297171749162293,0.49566256864703173,0.34491378233027914,0.5506476653955981,1.3097637846375647,14
0.210136683627676,1.310215632680141,1.5407154371084224,0.5767179914572501,-1.122808480157685,-0.3743051181921297,0.07260614867809903,-2.075896134322357,-1.8597109150959,0.5385532875088825,-0.2185083370694357,1.0129025496993858,-0.7891594563761749,0,0.6601823293337999,1.5427923817978015,0.3749633842697951,-0.2826073044334395,1.2310580311134776,-0.5148856304808219,-0.3532468856456782,-0.19167997823848998,-1.1407972824811217,-0.6218939915710208,4.126472801046648,1.8318582636182794,-0.3532468856456782,-0.5316095330711949,-1.531457092034337,-0.25968097836829673,-0.3421104893438741,-1.2592288793217572,-0.25285257805588657,-0.9711404493970425,0.49566256864703173,0.34491378233027914,0.5506476653955981,-0.7634964500692145,13
-0.6114217963383591,-1.3360393847765342,-0.2789830500314615,-0.7600319244561619,1.2901143795189296,-0.3743051181921297,0.07260614867809903,-0.17164653548813819,0.6937849605682166,-0.5435553304269218,-0.9976946599159401,-0.3710421971530383,0.28908156928306195,1,-1.5147330601973477,-0.6481753551535623,0.3749633842697951,-0.2826073044334395,1.2310580311134776,-0.5148856304808219,-0.3532468856456782,-0.19167997823848998,0.8765799282280009,-0.6218939915710208,-0.2423377175166058,1.8318582636182794,-0.3532468856456782,-0.5316095330711949,-1.531457092034337,-0.25968097836829673,2.9230322692469244,0.7941368058034197,-0.25285257805588657,-0.9711404493970425,-2.0175015489461217,0.34491378233027914,0.5506476653955981,1.3097637846375647,13
0.210136683627676,1.310215632680141,-0.2789830500314615,0.5767179914572501,1.2901143795189296,-0.3743051181921297,0.07260614867809903,-0.17164653548813819,-0.1573803313198222,-0.5435553304269218,-0.9976946599159401,-0.3710421971530383,-0.7891594563761749,1,0.6601823293337999,-0.6481753551535623,0.3749633842697951,-0.2826073044334395,1.2310580311134776,-0.5148856304808219,-0.3532468856456782,-0.19167997823848998,0.8765799282280009,-0.6218939915710208,-0.2423377175166058,-0.5458937625582472,-0.3532468856456782,1.8810798862519205,0.6529729139662889,-0.25968097836829673,-0.3421104893438741,0.7941368058034197,-0.25285257805588657,-0.9711404493970425,0.49566256864703173,0.34491378233027914,0.5506476653955981,-0.7634964500692145,16
0.210136683627676,-1.3360393847765342,-0.2789830500314615,-0.7600319244561619,0.08365294968062233,-0.3743051181921297,-0.9745358622571536,1.7326030633460807,-1.0085456232078611,0.5385532875088825,-0.2185083370694357,-1.7549869440054624,-0.35786304611248015,0,-1.5147330601973477,-0.6481753551535623,0.3749633842697951,-0.2826073044334395,-0.8123093913741105,-0.5148856304808219,-0.3532468856456782,-0.19167997823848998,-1.1407972824811217,-0.6218939915710208,-0.2423377175166058,1.8318582636182794,-0.3532468856456782,-0.5316095330711949,0.6529729139662889,-0.25968097836829673,-0.3421104893438741,0.7941368058034197,-0.25285257805588657,1.0297171749162293,-2.0175015489461217,0.34491378233027914,-1.8160432938212439,1.3097637846375647,18
-0.6114217963383591,-0.45395437895764235,-0.2789830500314615,1.913467907370662,0.08365294968062233,-0.3743051181921297,-0.9745358622571536,0.7804782639289712,1.5449502524562555,-0.5435553304269218,-0.2185083370694357,-1.7549869440054624,-0.5735112512443276,1,-1.5147330601973477,-0.6481753551535623,0.3749633842697951,-0.2826073044334395,1.2310580311134776,-0.5148856304808219,-0.3532468856456782,-0.19167997823848998,0.8765799282280009,-0.6218939915710208,-0.2423377175166058,-0.5458937625582472,-0.3532468856456782,-0.5316095330711949,-1.531457092034337,-0.25968097836829673,-0.3421104893438741,0.7941368058034197,-0.25285257805588657,-0.9711404493970425,0.49566256864703173,-2.8992752717617685,0.5506476653955981,-0.7634964500692145,11
0.210136683627676,0.4281306268612493,-0.2789830500314615,-0.7600319244561619,0.08365294968062233,-0.3743051181921297,0.07260614867809903,0.7804782639289712,0.6937849605682166,-0.5435553304269218,-0.2185083370694357,1.0129025496993858,1.367322594942299,0,0.6601823293337999,1.5427923817978015,-2.666927070618917,-0.2826073044334395,1.2310580311134776,-0.5148856304808219,-0.3532468856456782,-0.19167997823848998,0.8765799282280009,-0.6218939915710208,-0.2423377175166058,-0.5458937625582472,-0.3532468856456782,1.8810798862519205,0.6529729139662889,-0.25968097836829673,-0.3421104893438741,0.7941368058034197,-0.25285257805588657,-0.9711404493970425,0.49566256864703173,0.34491378233027914,0.5506476653955981,-0.7634964500692145,18
2.674812123525782,-1.3360393847765342,-1.1888322936014033,0.5767179914572501,-1.122808480157685,1.3126672547710103,0.07260614867809903,0.7804782639289712,-0.1573803313198222,0.5385532875088825,1.339864308623573,0.3209301762731737,1.7986190052059936,0,-1.5147330601973477,-0.6481753551535623,0.3749633842697951,-0.2826073044334395,1.2310580311134776,-0.5148856304808219,-0.3532468856456782,-0.19167997823848998,0.8765799282280009,-0.6218939915710208,-0.2423377175166058,-0.5458937625582472,-0.3532468856456782,-0.5316095330711949,-1.531457092034337,3.8508788987298637,-0.3421104893438741,0.7941368058034197,-0.25285257805588657,-0.9711404493970425,0.49566256864703173,-2.8992752717617685,0.5506476653955981,1.3097637846375647,10
0.210136683627676,-0.45395437895764235,0.6308661935384804,-0.7600319244561619,0.08365294968062233,-0.3743051181921297,1.1197481596133516,-0.17164653548813819,-0.1573803313198222,-0.5435553304269218,0.5606779857770687,-0.3710421971530383,-0.7891594563761749,0,0.6601823293337999,1.5427923817978015,0.3749633842697951,-0.2826073044334395,-0.8123093913741105,1.9421788855636883,-0.3532468856456782,-0.19167997823848998,-1.1407972824811217,1.6079910942278326,-0.2423377175166058,-0.5458937625582472,-0.3532468856456782,1.8810798862519205,-1.531457092034337,-0.25968097836829673,-0.3421104893438741,0.7941368058034197,-0.25285257805588657,-0.9711404493970425,-2.0175015489461217,0.34491378233027914,0.5506476653955981,-0.7634964500692145,11
-0.6114217963383591,0.4281306268612493,-1.1888322936014033,-0.7600319244561619,0.08365294968062233,-0.3743051181921297,-0.9745358622571536,-0.17164653548813819,-0.1573803313198222,0.5385532875088825,0.5606779857770687,-1.0630145705792504,-0.7891594563761749,1,0.6601823293337999,1.5427923817978015,0.3749633842697951,-0.2826073044334395,1.2310580311134776,-0.5148856304808219,-0.3532468856456782,-0.19167997823848998,0.8765799282280009,-0.6218939915710208,-0.2423377175166058,1.8318582636182794,-0.3532468856456782,-0.5316095330711949,-1.531457092034337,-0.25968097836829673,2.9230322692469244,0.7941368058034197,-0.25285257805588657,-0.9711404493970425,0.49566256864703173,0.34491378233027914,-1.8160432938212439,-0.7634964500692145,12
0.210136683627676,-0.45395437895764235,-0.2789830500314615,0.5767179914572501,-1.122808480157685,-0.3743051181921297,1.1197481596133516,1.7326030633460807,1.5449502524562555,1.6206619054446871,2.1190506314700777,1.0129025496993858,-0.7891594563761749,0,-1.5147330601973477,-0.6481753551535623,0.3749633842697951,-0.2826073044334395,1.2310580311134776,-0.5148856304808219,-0.3532468856456782,-0.19167997823848998,0.8765799282280009,-0.6218939915710208,-0.2423377175166058,-0.5458937625582472,-0.3532468856456782,-0.5316095330711949,0.6529729139662889,-0.25968097836829673,-0.3421104893438741,-1.2592288793217572,-0.25285257805588657,1.0297171749162293,0.49566256864703173,-2.8992752717617685,-1.8160432938212439,1.3097637846375647,10
1.0316951635937113,1.310215632680141,-0.2789830500314615,0.5767179914572501,-1.122808480157685,1.3126672547710103,1.1197481596133516,0.7804782639289712,-0.1573803313198222,2.702770523380491,0.5606779857770687,-0.3710421971530383,-0.7891594563761749,0,-1.5147330601973477,-0.6481753551535623,0.3749633842697951,-0.2826073044334395,1.2310580311134776,-0.5148856304808219,-0.3532468856456782,-0.19167997823848998,0.8765799282280009,-0.6218939915710208,-0.2423377175166058,1.8318582636182794,-0.3532468856456782,-0.5316095330711949,-1.531457092034337,-0.25968097836829673,-0.3421104893438741,-1.2592288793217572,3.9548736567715594,-0.9711404493970425,0.49566256864703173,0.34491378233027914,-1.8160432938212439,-0.7634964500692145,0
1.0316951635937113,0.4281306268612493,1.5407154371084224,-0.7600319244561619,-1.122808480157685,-0.3743051181921297,1.1197481596133516,0.7804782639289712,0.6937849605682166,-0.5435553304269218,-0.9976946599159401,-1.7549869440054624,0.0734333641512146,1,0.6601823293337999,-0.6481753551535623,0.3749633842697951,-0.2826073044334395,1.2310580311134776,-0.5148856304808219,-0.3532468856456782,-0.19167997823848998,0.8765799282280009,-0.6218939915710208,-0.2423377175166058,-0.5458937625582472,-0.3532468856456782,-0.5316095330711949,0.6529729139662889,-0.25968097836829673,-0.3421104893438741,0.7941368058034197,-0.25285257805588657,1.0297171749162293,0.49566256864703173,0.34491378233027914,0.5506476653955981,1.3097637846375647,14
-0.6114217963383591,-1.3360393847765342,-0.2789830500314615,0.5767179914572501,0.08365294968062233,-0.3743051181921297,0.07260614867809903,-0.17164653548813819,-0.1573803313198222,-0.5435553304269218,-0.9976946599159401,1.0129025496993858,-0.7891594563761749,0,-1.5147330601973477,-0.6481753551535623,0.3749633842697951,-0.2826073044334395,1.2310580311134776,-0.5148856304808219,-0.3532468856456782,-0.19167997823848998,0.8765799282280009,-0.6218939915710208,-0.2423377175166058,-0.5458937625582472,-0.3532468856456782,-0.5316095330711949,-1.531457092034337,-0.25968097836829673,-0.3421104893438741,-1.2592288793217572,-0.25285257805588657,-0.9711404493970425,0.49566256864703173,0.34491378233027914,-1.8160432938212439,-0.7634964500692145,11
1.0316951635937113,-0.45395437895764235,-0.2789830500314615,-0.7600319244561619,0.08365294968062233,-0.3743051181921297,1.1197481596133516,1.7326030633460807,0.6937849605682166,1.6206619054446871,2.1190506314700777,-1.0630145705792504,2.661211825733383,0,0.6601823293337999,-0.6481753551535623,0.3749633842697951,-0.2826073044334395,1.2310580311134776,-0.5148856304808219,-0.3532468856456782,-0.19167997823848998,-1.1407972824811217,1.6079910942278326,-0.2423377175166058,-0.5458937625582472,-0.3532468856456782,1.8810798862519205,-1.531457092034337,-0.25968097836829673,-0.3421104893438741,-1.2592288793217572,-0.25285257805588657,-0.9711404493970425,0.49566256864703173,-2.8992752717617685,0.5506476653955981,-0.7634964500692145,8
0.210136683627676,-1.3360393847765342,-1.1888322936014033,-0.7600319244561619,0.08365294968062233,-0.3743051181921297,0.07260614867809903,1.7326030633460807,1.5449502524562555,-0.5435553304269218,-0.2185083370694357,-0.3710421971530383,-0.35786304611248015,1,0.6601823293337999,-0.6481753551535623,-2.666927070618917,-0.2826073044334395,-0.8123093913741105,-0.5148856304808219,-0.3532468856456782,-0.19167997823848998,-1.1407972824811217,-0.6218939915710208,-0.2423377175166058,-0.5458937625582472,2.8308812919105044,-0.5316095330711949,0.6529729139662889,-0.25968097836829673,-0.3421104893438741,-1.2592288793217572,-0.25285257805588657,1.0297171749162293,0.49566256864703173,0.34491378233027914,0.5506476653955981,1.3097637846375647,11
-1.4329802763043944,0.4281306268612493,-1.1888322936014033,0.5767179914572501,2.496575809357237,-0.3743051181921297,0.07260614867809903,0.7804782639289712,-1.0085456232078611,0.5385532875088825,0.5606779857770687,-0.3710421971530383,0.5047297744149093,1,-1.5147330601973477,1.5427923817978015,0.3749633842697951,-0.2826073044334395,1.2310580311134776,-0.5148856304808219,-0.3532468856456782,-0.19167997823848998,0.8765799282280009,-0.6218939915710208,-0.2423377175166058,-0.5458937625582472,-0.3532468856456782,1.8810798862519205,-1.531457092034337,-0.25968097836829673,-0.3421104893438741,0.7941368058034197,-0.25285257805588657,-0.9711404493970425,-2.0175015489461217,0.34491378233027914,0.5506476653955981,-0.7634964500692145,15
-0.6114217963383591,1.310215632680141,1.5407154371084224,-0.7600319244561619,-1.122808480157685,-0.3743051181921297,0.07260614867809903,0.7804782639289712,0.6937849605682166,-0.5435553304269218,-0.2185083370694357,-1.0630145705792504,0.5047297744149093,1,0.6601823293337999,-0.6481753551535623,0.3749633842697951,3.5384789575936906,-0.8123093913741105,-0.5148856304808219,-0.3532468856456782,-0.19167997823848998,0.8765799282280009,-0.6218939915710208,-0.2423377175166058,1.8318582636182794,-0.3532468856456782,-0.5316095330711949,0.6529729139662889,-0.25968097836829673,-0.3421104893438741,0.7941368058034197,-0.25285257805588657,-0.9711404493970425,0.49566256864703173,0.34491378233027914,0.5506476653955981,-0.7634964500692145,17
-0.6114217963383591,1.310215632680141,1.5407154371084224,-0.7600319244561619,1.2901143795189296,-0.3743051181921297,-0.9745358622571536,-1.1237713349052476,-0.1573803313198222,-0.5435553304269218,-0.2185083370694357,-1.0630145705792504,1.367322594942299,1,0.6601823293337999,-0.6481753551535623,0.3749633842697951,-0.2826073044334395,-0.8123093913741105,1.9421788855636883,-0.3532468856456782,-0.19167997823848998,-1.1407972824811217,1.6079910942278326,-0.2423377175166058,-0.5458937625582472,-0.3532468856456782,1.8810798862519205,0.6529729139662889,-0.25968097836829673,-0.3421104893438741,0.7941368058034197,-0.25285257805588657,1.0297171749162293,0.49566256864703173,0.34491378233027914,0.5506476653955981,-0.7634964500692145,14
-0.6114217963383591,-0.45395437895764235,-1.1888322936014033,1.913467907370662,-1.122808480157685,-0.3743051181921297,0.07260614867809903,-0.17164653548813819,-0.1573803313198222,-0.5435553304269218,-0.9976946599159401,0.3209301762731737,0.7203779795467566,0,0.6601823293337999,-0.6481753551535623,0.3749633842697951,-0.2826073044334395,1.2310580311134776,-0.5148856304808219,-0.3532468856456782,-0.19167997823848998,0.8765799282280009,-0.6218939915710208,-0.2423377175166058,-0.5458937625582472,-0.3532468856456782,-0.5316095330711949,0.6529729139662889,-0.25968097836829673,-0.3421104893438741,-1.2592288793217572,-0.25285257805588657,-0.9711404493970425,0.49566256864703173,0.34491378233027914,0.5506476653955981,-0.7634964500692145,16
1.0316951635937113,-1.3360393847765342,0.6308661935384804,-0.7600319244561619,-1.122808480157685,-0.3743051181921297,0.07260614867809903,-0.17164653548813819,-0.1573803313198222,0.5385532875088825,0.5606779857770687,-0.3710421971530383,-0.7891594563761749,0,0.6601823293337999,1.5427923817978015,0.3749633842697951,-0.2826073044334395,-0.8123093913741105,-0.5148856304808219,-0.3532468856456782,-0.19167997823848998,-1.1407972824811217,1.6079910942278326,-0.2423377175166058,-0.5458937625582472,-0.3532468856456782,-0.5316095330711949,0.6529729139662889,-0.25968097836829673,-0.3421104893438741,-1.2592288793217572,-0.25285257805588657,-0.9711404493970425,0.49566256864703173,-2.8992752717617685,0.5506476653955981,1.3097637846375647,9
-1.4329802763043944,-1.3360393847765342,-1.1888322936014033,-0.7600319244561619,0.08365294968062233,-0.3743051181921297,0.07260614867809903,0.7804782639289712,-1.0085456232078611,-0.5435553304269218,-0.2185083370694357,1.0129025496993858,-0.7891594563761749,1,0.6601823293337999,-0.6481753551535623,0.3749633842697951,-0.2826073044334395,1.2310580311134776,-0.5148856304808219,-0.3532468856456782,-0.19167997823848998,-1.1407972824811217,1.6079910942278326,-0.2423377175166058,-0.5458937625582472,-0.3532468856456782,-0.5316095330711949,-1.531457092034337,-0.25968097836829673,-0.3421104893438741,0.7941368058034197,-0.25285257805588657,-0.9711404493970425,0.49566256864703173,0.34491378233027914,0.5506476653955981,-0.7634964500692145,12
-0.6114217963383591,-1.3360393847765342,-0.2789830500314615,-0.7600319244561619,-1.122808480157685,-0.3743051181921297,-0.9745358622571536,-0.17164653548813819,-0.1573803313198222,-0.5435553304269218,-0.2185083370694357,-0.3710421971530383,-0.7891594563761749,0,0.6601823293337999,-0.6481753551535623,0.3749633842697951,-0.2826073044334395,-0.8123093913741105,1.9421788855636883,-0.3532468856456782,-0.19167997823848998,-1.1407972824811217,1.6079910942278326,-0.2423377175166058,-0.5458937625582472,2.8308812919105044,-0.5316095330711949,0.6529729139662889,-0.25968097836829673,-0.3421104893438741,0.7941368058034197,-0.25285257805588657,1.0297171749162293,0.49566256864703173,0.34491378233027914,0.5506476653955981,1.3097637846375647,11
-1.4329802763043944,-0.45395437895764235,-1.1888322936014033,-0.7600319244561619,-1.122808480157685,-0.3743051181921297,0.07260614867809903,-0.17164653548813819,-0.1573803313198222,-0.5435553304269218,-0.2185083370694357,1.0129025496993858,1.5829708000741463,0,0.6601823293337999,1.5427923817978015,-2.666927070618917,-0.2826073044334395,-0.8123093913741105,1.9421788855636883,-0.3532468856456782,-0.19167997823848998,-1.1407972824811217,1.6079910942278326,-0.2423377175166058,-0.5458937625582472,-0.3532468856456782,-0.5316095330711949,0.6529729139662889,-0.25968097836829673,-0.3421104893438741,-1.2592288793217572,-0.25285257805588657,1.0297171749162293,0.49566256864703173,0.34491378233027914,0.5506476653955981,-0.7634964500692145,12
-0.6114217963383591,1.310215632680141,0.6308661935384804,-0.7600319244561619,-1.122808480157685,-0.3743051181921297,-0.9745358622571536,-2.075896134322357,-0.1573803313198222,-0.5435553304269218,0.5606779857770687,1.0129025496993858,0.5047297744149093,0,0.6601823293337999,1.5427923817978015,0.3749633842697951,3.5384789575936906,-0.8123093913741105,-0.5148856304808219,-0.3532468856456782,-0.19167997823848998,0.8765799282280009,-0.6218939915710208,-0.2423377175166058,1.8318582636182794,-0.3532468856456782,-0.5316095330711949,-1.531457092034337,-0.25968097836829673,-0.3421104893438741,-1.2592288793217572,-0.25285257805588657,1.0297171749162293,0.49566256864703173,0.34491378233027914,0.5506476653955981,-0.7634964500692145,12
0.210136683627676,0.4281306268612493,-0.2789830500314615,0.5767179914572501,0.08365294968062233,-0.3743051181921297,-3.068819884127659,-1.1237713349052476,-0.1573803313198222,-0.5435553304269218,-0.2185083370694357,1.0129025496993858,-0.7891594563761749,1,0.6601823293337999,1.5427923817978015,-2.666927070618917,-0.2826073044334395,-0.8123093913741105,1.9421788855636883,-0.3532468856456782,-0.19167997823848998,0.8765799282280009,-0.6218939915710208,-0.2423377175166058,-0.5458937625582472,-0.3532468856456782,1.8810798862519205,0.6529729139662889,-0.25968097836829673,-0.3421104893438741,-1.2592288793217572,-0.25285257805588657,-0.9711404493970425,0.49566256864703173,0.34491378233027914,-1.8160432938212439,1.3097637846375647,15
-0.6114217963383591,-1.3360393847765342,-0.2789830500314615,-0.7600319244561619,-1.122808480157685,-0.3743051181921297,0.07260614867809903,0.7804782639289712,0.6937849605682166,0.5385532875088825,1.339864308623573,1.0129025496993858,0.0734333641512146,0,-1.5147330601973477,1.5427923817978015,0.3749633842697951,-0.2826073044334395,1.2310580311134776,-0.5148856304808219,-0.3532468856456782,-0.19167997823848998,-1.1407972824811217,-0.6218939915710208,-0.2423377175166058,-0.5458937625582472,-0.3532468856456782,-0.5316095330711949,0.6529729139662889,-0.25968097836829673,-0.3421104893438741,-1.2592288793217572,-0.25285257805588657,-0.9711404493970425,0.49566256864703173,0.34491378233027914,-1.8160432938212439,-0.7634964500692145,11
-1.4329802763043944,1.310215632680141,1.5407154371084224,-0.7600319244561619,0.08365294968062233,-0.3743051181921297,0.07260614867809903,-0.17164653548813819,-0.1573803313198222,-0.5435553304269218,-0.9976946599159401,1.0129025496993858,-0.7891594563761749,0,0.6601823293337999,-0.6481753551535623,0.3749633842697951,-0.2826073044334395,-0.8123093913741105,1.9421788855636883,-0.3532468856456782,-0.19167997823848998,-1.1407972824811217,-0.6218939915710208,4.126472801046648,-0.5458937625582472,-0.3532468856456782,-0.5316095330711949,-1.531457092034337,-0.25968097836829673,-0.3421104893438741,0.7941368058034197,-0.25285257805588657,1.0297171749162293,0.49566256864703173,0.34491378233027914,0.5506476653955981,-0.7634964500692145,15
-1.4329802763043944,-1.3360393847765342,-1.1888322936014033,3.250217823284074,0.08365294968062233,-0.3743051181921297,1.1197481596133516,0.7804782639289712,1.5449502524562555,0.5385532875088825,1.339864308623573,0.3209301762731737,0.9360261846786041,0,-1.5147330601973477,-0.6481753551535623,0.3749633842697951,-0.2826073044334395,1.2310580311134776,-0.5148856304808219,-0.3532468856456782,-0.19167997823848998,0.8765799282280009,-0.6218939915710208,-0.2423377175166058,-0.5458937625582472,-0.3532468856456782,-0.5316095330711949,0.6529729139662889,-0.25968097836829673,-0.3421104893438741,0.7941368058034197,-0.25285257805588657,1.0297171749162293,0.49566256864703173,0.34491378233027914,-1.8160432938212439,1.3097637846375647,9
-0.6114217963383591,0.4281306268612493,0.6308661935384804,-0.7600319244561619,0.08365294968062233,1.3126672547710103,0.07260614867809903,1.7326030633460807,1.5449502524562555,2.702770523380491,1.339864308623573,1.0129025496993858,-0.7891594563761749,0,0.6601823293337999,-0.6481753551535623,0.3749633842697951,-0.2826073044334395,1.2310580311134776,-0.5148856304808219,-0.3532468856456782,-0.19167997823848998,-1.1407972824811217,1.6079910942278326,-0.2423377175166058,-0.5458937625582472,-0.3532468856456782,-0.5316095330711949,-1.531457092034337,-0.25968097836829673,-0.3421104893438741,0.7941368058034197,-0.25285257805588657,-0.9711404493970425,0.49566256864703173,0.34491378233027914,0.5506476653955981,1.3097637846375647,1
0.210136683627676,-2.2181243905954258,-2.098681537171345,0.5767179914572501,-1.122808480157685,-0.3743051181921297,0.07260614867809903,0.7804782639289712,-0.1573803313198222,-0.5435553304269218,-0.9976946599159401,1.0129025496993858,-0.7891594563761749,1,-1.5147330601973477,-0.6481753551535623,0.3749633842697951,-0.2826073044334395,-0.8123093913741105,-0.5148856304808219,-0.3532468856456782,-0.19167997823848998,0.8765799282280009,-0.6218939915710208,-0.2423377175166058,-0.5458937625582472,-0.3532468856456782,-0.5316095330711949,0.6529729139662889,-0.25968097836829673,-0.3421104893438741,0.7941368058034197,-0.25285257805588657,-0.9711404493970425,0.49566256864703173,0.34491378233027914,0.5506476653955981,-0.7634964500692145,11
0.210136683627676,-0.45395437895764235,-1.1888322936014033,1.913467907370662,-1.122808480157685,-0.3743051181921297,1.1197481596133516,1.7326030633460807,1.5449502524562555,3.7848791413162957,2.1190506314700777,-0.3710421971530383,0.9360261846786041,0,-1.5147330601973477,-0.6481753551535623,0.3749633842697951,-0.2826073044334395,1.2310580311134776,-0.5148856304808219,-0.3532468856456782,-0.19167997823848998,0.8765799282280009,-0.6218939915710208,-0.2423377175166058,-0.5458937625582472,2.8308812919105044,-0.5316095330711949,0.6529729139662889,-0.25968097836829673,-0.3421104893438741,-1.2592288793217572,-0.25285257805588657,1.0297171749162293,0.49566256864703173,-2.8992752717617685,-1.8160432938212439,1.3097637846375647,9
-0.6114217963383591,-0.45395437895764235,-1.1888322936014033,0.5767179914572501,-1.122808480157685,-0.3743051181921297,-2.0216778731924063,0.7804782639289712,-0.1573803313198222,0.5385532875088825,0.5606779857770687,0.3209301762731737,0.0734333641512146,0,0.6601823293337999,1.5427923817978015,0.3749633842697951,-0.2826073044334395,-0.8123093913741105,-0.5148856304808219,-0.3532468856456782,-0.19167997823848998,-1.1407972824811217,1.6079910942278326,-0.2423377175166058,-0.5458937625582472,-0.3532468856456782,-0.5316095330711949,0.6529729139662889,-0.25968097836829673,-0.3421104893438741,0.7941368058034197,-0.25285257805588657,1.0297171749162293,0.49566256864703173,0.34491378233027914,0.5506476653955981,-0.7634964500692145,10
-0.6114217963383591,1.310215632680141,1.5407154371084224,0.5767179914572501,-1.122808480157685,-0.3743051181921297,1.1197481596133516,-2.075896134322357,-0.1573803313198222,-0.5435553304269218,-0.2185083370694357,1.0129025496993858,-0.5735112512443276,1,0.6601823293337999,1.5427923817978015,0.3749633842697951,-0.2826073044334395,-0.8123093913741105,1.9421788855636883,-0.3532468856456782,-0.19167997823848998,-1.1407972824811217,1.6079910942278326,-0.2423377175166058,-0.5458937625582472,2.8308812919105044,-0.5316095330711949,-1.531457092034337,-0.25968097836829673,-0.3421104893438741,0.7941368058034197,-0.25285257805588657,-0.9711404493970425,0.49566256864703173,0.34491378233027914,-1.8160432938212439,-0.7634964500692145,11
-1.4329802763043944,1.310215632680141,1.5407154371084224,-0.7600319244561619,-1.122808480157685,-0.3743051181921297,0.07260614867809903,-0.17164653548813819,-0.1573803313198222,-0.5435553304269218,0.5606779857770687,1.0129025496993858,-0.7891594563761749,0,0.6601823293337999,1.5427923817978015,0.3749633842697951,3.5384789575936906,-0.8123093913741105,-0.5148856304808219,-0.3532468856456782,-0.19167997823848998,-1.1407972824811217,1.6079910942278326,-0.2423377175166058,-0.5458937625582472,-0.3532468856456782,-0.5316095330711949,-1.531457092034337,-0.25968097836829673,-0.3421104893438741,0.7941368058034197,-0.25285257805588657,1.0297171749162293,0.49566256864703173,0.34491378233027914,0.5506476653955981,-0.7634964500692145,12
0.210136683627676,-1.3360393847765342,-0.2789830500314615,0.5767179914572501,0.08365294968062233,-0.3743051181921297,0.07260614867809903,0.7804782639289712,0.6937849605682166,2.702770523380491,2.1190506314700777,1.0129025496993858,2.661211825733383,0,0.6601823293337999,-0.6481753551535623,0.3749633842697951,-0.2826073044334395,-0.8123093913741105,-0.5148856304808219,-0.3532468856456782,-0.19167997823848998,-1.1407972824811217,1.6079910942278326,-0.2423377175166058,-0.5458937625582472,2.8308812919105044,-0.5316095330711949,-1.531457092034337,3.8508788987298637,-0.3421104893438741,-1.2592288793217572,-0.25285257805588657,1.0297171749162293,-2.0175015489461217,0.34491378233027914,0.5506476653955981,-0.7634964500692145,12
-1.4329802763043944,-1.3360393847765342,-1.1888322936014033,0.5767179914572501,2.496575809357237,-0.3743051181921297,-0.9745358622571536,-2.075896134322357,-1.0085456232078611,-0.5435553304269218,-0.9976946599159401,-1.7549869440054624,0.0734333641512146,1,-1.5147330601973477,-0.6481753551535623,0.3749633842697951,-0.2826073044334395,-0.8123093913741105,-0.5148856304808219,-0.3532468856456782,-0.19167997823848998,0.8765799282280009,-0.6218939915710208,-0.2423377175166058,1.8318582636182794,-0.3532468856456782,-0.5316095330711949,0.6529729139662889,-0.25968097836829673,2.9230322692469244,0.7941368058034197,3.9548736567715594,1.0297171749162293,0.49566256864703173,0.34491378233027914,0.5506476653955981,-0.7634964500692145,13
1.0316951635937113,1.310215632680141,-0.2789830500314615,-0.7600319244561619,0.08365294968062233,-0.3743051181921297,0.07260614867809903,-1.1237713349052476,-1.0085456232078611,-0.5435553304269218,-0.9976946599159401,-0.3710421971530383,-0.7891594563761749,1,0.6601823293337999,1.5427923817978015,0.3749633842697951,-0.2826073044334395,-0.8123093913741105,-0.5148856304808219,2.8308812919105044,-0.19167997823848998,0.8765799282280009,-0.6218939915710208,-0.2423377175166058,-0.5458937625582472,-0.3532468856456782,-0.5316095330711949,0.6529729139662889,-0.25968097836829673,-0.3421104893438741,0.7941368058034197,-0.25285257805588657,1.0297171749162293,0.49566256864703173,0.34491378233027914,0.5506476653955981,-0.7634964500692145,17
-1.4329802763043944,-0.45395437895764235,0.6308661935384804,-0.7600319244561619,-1.122808480157685,-0.3743051181921297,-0.9745358622571536,-1.1237713349052476,-1.0085456232078611,-0.5435553304269218,0.5606779857770687,-0.3710421971530383,-0.7891594563761749,0,0.6601823293337999,-0.6481753551535623,0.3749633842697951,-0.2826073044334395,1.2310580311134776,-0.5148856304808219,-0.3532468856456782,-0.19167997823848998,-1.1407972824811217,1.6079910942278326,-0.2423377175166058,-0.5458937625582472,-0.3532468856456782,-0.5316095330711949,-1.531457092034337,-0.25968097836829673,2.9230322692469244,0.7941368058034197,-0.25285257805588657,1.0297171749162293,-2.0175015489461217,0.34491378233027914,0.5506476653955981,1.3097637846375647,12
1.8532536435597464,-0.45395437895764235,-1.1888322936014033,-0.7600319244561619,-1.122808480157685,-0.3743051181921297,1.1197481596133516,-0.17164653548813819,0.6937849605682166,-0.5435553304269218,1.339864308623573,0.3209301762731737,1.367322594942299,0,0.6601823293337999,-0.6481753551535623,0.3749633842697951,-0.2826073044334395,1.2310580311134776,-0.5148856304808219,-0.3532468856456782,-0.19167997823848998,0.8765799282280009,-0.6218939915710208,-0.2423377175166058,-0.5458937625582472,-0.3532468856456782,1.8810798862519205,0.6529729139662889,-0.25968097836829673,-0.3421104893438741,-1.2592288793217572,-0.25285257805588657,-0.9711404493970425,0.49566256864703173,0.34491378233027914,0.5506476653955981,-0.7634964500692145,11
-1.4329802763043944,1.310215632680141,0.6308661935384804,0.5767179914572501,2.496575809357237,-0.3743051181921297,-2.0216778731924063,-1.1237713349052476,-1.0085456232078611,-0.5435553304269218,-0.9976946599159401,-0.3710421971530383,0.5047297744149093,0,0.6601823293337999,-0.6481753551535623,0.3749633842697951,-0.2826073044334395,-0.8123093913741105,-0.5148856304808219,2.8308812919105044,-0.19167997823848998,-1.1407972824811217,1.6079910942278326,-0.2423377175166058,-0.5458937625582472,-0.3532468856456782,-0.5316095330711949,-1.531457092034337,-0.25968097836829673,2.9230322692469244,0.7941368058034197,-0.25285257805588657,-0.9711404493970425,0.49566256864703173,0.34491378233027914,0.5506476653955981,-0.7634964500692145,11
0.210136683627676,-2.2181243905954258,-0.2789830500314615,0.5767179914572501,1.2901143795189296,-0.3743051181921297,-0.9745358622571536,-0.17164653548813819,-0.1573803313198222,0.5385532875088825,0.5606779857770687,-1.0630145705792504,-0.7891594563761749,1,0.6601823293337999,1.5427923817978015,0.3749633842697951,-0.2826073044334395,-0.8123093913741105,-0.5148856304808219,-0.3532468856456782,-0.19167997823848998,-1.1407972824811217,-0.6218939915710208,-0.2423377175166058,1.8318582636182794,-0.3532468856456782,-0.5316095330711949,-1.531457092034337,-0.25968097836829673,-0.3421104893438741,-1.2592288793217572,-0.25285257805588657,-0.9711404493970425,0.49566256864703173,0.34491378233027914,0.5506476653955981,-0.7634964500692145,15
